# Undirected graph (each unordered pair of nodes is saved once): data/preprocessed_01/467.txt
# Preprocessed on 2016-04-26T13:14:30.149613
# Nodes: 1024 Edges: 2817
# NodeId	NodeId
2048	7893
1	3
1	6
1	32
1	33
1	34
1	48
1	70
1	71
1	90
1	109
1	140
1	157
1	174
1	286
1	293
1	297
1	557
1	568
1	600
1	625
1	668
1	701
1	714
1	763
1	1236
1	1239
1	1673
1	1740
1	1746
1	1800
1	1830
1	2024
1	2041
1	2056
1	2511
1	2548
1	2551
1	2637
1	2685
1	2714
1	2828
1	2856
1	2914
1	2933
1	3257
1	3356
1	3360
1	3404
1	3450
1	3452
1	3479
1	3491
1	3527
1	3549
1	3557
1	3561
1	3578
1	3614
1	3720
1	3749
1	3847
1	3932
1	3951
1	3967
1	4000
1	4006
1	4010
1	4183
1	4200
1	4355
1	4436
1	4454
1	4511
1	4544
1	4550
1	4565
1	4583
1	4648
1	4766
1	4911
1	5000
1	5006
1	5413
1	5462
1	5646
1	5650
1	5661
1	5684
1	5693
1	5696
1	5723
1	5727
1	5737
1	6059
1	6113
1	6172
1	6201
1	6227
1	6245
1	6261
1	6301
1	6433
1	6453
1	6461
1	6467
1	6553
1	6597
1	6716
1	6922
1	6949
1	7018
1	7037
1	7068
1	7152
1	7170
1	7176
1	7203
1	7374
1	7430
1	7862
1	8048
1	8090
1	10355
1	10553
3	145
3	293
6	3215
2056	3549
2056	7018
9	5050
13	668
13	7170
16	293
17	701
8210	8264
22	668
22	7170
26	145
26	1785
27	2548
7514	7514
31	226
33	701
33	2497
33	2914
34	3932
8228	8228
8228	8297
38	145
38	1224
38	1225
38	5646
41	297
43	293
43	1785
6188	6188
6188	7037
45	293
46	145
46	701
48	48
48	7170
49	701
50	293
50	3450
52	1852
52	3561
55	10466
6201	6453
6201	7018
8251	8251
2108	5391
4158	4637
70	145
71	71
71	701
71	2915
71	3758
71	4058
71	4637
71	4657
71	5650
71	7018
72	3305
72	5551
73	73
73	2914
8267	8267
80	701
80	2914
81	81
81	701
81	1239
81	6250
83	7170
87	701
87	10680
88	145
88	1740
88	2914
90	701
6241	6241
4197	4694
2150	2150
103	145
103	293
103	5646
103	7326
6248	6248
8297	8298
8297	8319
8297	8406
8298	8298
109	109
109	1136
109	1221
109	2497
109	2548
114	278
114	293
114	2914
114	3561
114	7276
114	7362
6163	6163
2933	2933
2933	3561
2933	5763
2933	10399
125	3847
4222	6377
127	127
127	226
127	297
131	1852
131	3561
4230	4230
4230	6453
137	137
137	5441
137	5444
140	701
145	160
145	194
145	195
145	210
145	217
145	225
145	237
145	293
145	297
145	668
145	683
145	1224
145	1312
145	1706
145	1742
145	1852
145	1909
145	2572
145	2698
145	3112
145	3128
145	3152
145	3527
145	3561
145	3676
145	4201
145	5050
145	5723
145	6192
145	6200
145	6453
145	7050
145	7170
145	7377
145	10466
145	10680
4243	6384
25	293
25	721
25	1852
157	1239
6302	6302
6302	6347
159	600
159	3112
160	293
160	5646
4258	4258
6172	6172
6172	6327
6172	7018
4269	4269
174	286
174	293
174	701
174	745
174	1239
174	1290
174	1673
174	1740
174	1932
174	2493
174	2521
174	2554
174	2914
174	3561
174	3957
174	3976
174	6195
174	6334
174	6404
174	6437
174	6453
174	6942
174	7018
174	7884
174	8013
174	8355
175	668
6320	6461
6320	8001
4277	5646
6332	6332
6332	6342
6332	7018
6332	8151
6332	10436
194	3561
195	293
195	1227
195	1740
195	1909
6342	6503
6347	6347
6347	6428
6347	6463
6347	7258
6347	8001
6347	8180
6347	10621
8397	8397
3789	5646
217	293
217	5006
4314	5109
224	2603
225	225
225	1239
225	7066
226	226
226	293
226	1740
226	2150
226	3847
226	5676
226	7397
6371	6471
6371	7303
2276	3561
8422	8422
10475	10475
237	237
237	293
237	1225
237	3561
237	5696
237	7016
239	549
8434	8434
6392	6392
7518	7518
6401	6453
6401	6463
6402	6402
6402	7018
4355	4355
4355	4565
4355	6983
4358	4358
4358	5646
4358	5696
4358	6081
268	6350
6413	6461
271	271
271	577
271	1691
271	7189
6428	6428
286	286
286	293
286	297
286	517
286	568
286	668
286	701
286	702
286	790
286	1239
286	1673
286	1740
286	1746
286	1755
286	1800
286	1836
286	1891
286	1899
286	1901
286	2041
286	2110
286	2116
286	2497
286	2548
286	2551
286	2685
286	2828
286	2914
286	3220
286	3300
286	3320
286	3333
286	3356
286	3407
286	3491
286	3549
286	3561
286	3847
286	3951
286	3967
286	4000
286	4006
286	4200
286	4436
286	4540
286	4544
286	4565
286	5400
286	5696
286	6066
286	6113
286	6172
286	6461
286	6660
286	7170
288	297
288	1890
291	293
292	293
293	297
293	513
293	568
293	600
293	668
293	683
293	701
293	1225
293	1239
293	1275
293	1673
293	1740
293	1746
293	1800
293	1852
293	2041
293	2497
293	2505
293	2548
293	2551
293	2685
293	2828
293	2914
293	2917
293	3152
293	3257
293	3320
293	3354
293	3356
293	3380
293	3407
293	3428
293	3429
293	3431
293	3491
293	3549
293	3561
293	3563
293	3720
293	3789
293	3847
293	3932
293	3951
293	3967
293	4000
293	4006
293	4058
293	4136
293	4183
293	4200
293	4436
293	4540
293	4544
293	4550
293	4565
293	4969
293	5006
293	5409
293	5462
293	5646
293	5683
293	5696
293	6079
293	6081
293	6113
293	6172
293	6200
293	6259
293	6261
293	6402
293	6427
293	6453
293	6461
293	6660
293	6716
293	6939
293	7018
293	7066
293	7170
293	7194
293	7374
293	7922
297	668
297	701
297	1239
297	1673
297	1740
297	1800
297	1842
297	2497
297	2513
297	2914
297	3561
297	4511
297	6629
297	7018
299	1852
6453	6661
6453	6677
6453	6762
6453	6774
6453	6813
6453	7018
6453	7303
6453	7473
6453	8070
6453	8220
6453	8228
6453	8297
6453	8346
6461	6939
6461	6992
6461	7018
6461	7189
6461	7252
6461	7397
6461	7473
6461	7586
6461	7637
6461	10368
6463	6463
6463	7788
6463	7992
1760	4544
1760	4983
6467	7018
6467	7253
6467	7283
6467	10475
8517	8517
2381	3128
2381	5646
2381	7050
2007	8297
4433	4740
4433	7637
4436	5856
7567	7567
6203	6203
6203	7018
4454	4454
4454	6382
4454	6383
4454	6387
4454	7892
6503	8007
6503	10436
2110	2110
2110	3561
2110	3615
2110	5459
4470	4470
4470	6401
4470	7445
7915	10609
3900	3900
3900	8043
6553	6553
6553	6949
6553	7018
6553	10348
68	293
4509	6327
4511	4511
4513	4513
2118	3316
2118	5568
6568	6568
6568	6762
4527	5646
4527	6347
10680	10680
4540	5000
4540	7037
2495	2495
4544	6245
4544	7018
2497	2497
2497	2498
2497	2500
2497	2510
2497	2513
2497	2514
2497	2516
2497	2518
2497	2519
2497	2521
2497	2526
2497	2527
2497	2548
2497	2551
2497	2554
2497	2687
2497	2828
2497	2907
2497	2914
2497	2915
2497	3257
2497	3320
2497	3356
2497	3549
2497	3561
2497	3563
2497	3847
2497	3932
2497	3951
2497	3967
2497	4000
2497	4006
2497	4183
2497	4197
2497	4436
2497	4527
2497	4565
2497	4673
2497	4678
2497	4680
2497	4682
2497	4702
2497	4703
2497	4704
2497	4713
2497	4716
2497	4725
2497	4732
2497	4774
2497	5000
2497	5462
2497	5683
2497	5696
2497	6066
2497	6461
2497	6553
2497	6939
2497	7374
2497	7501
2497	7518
2498	2907
2500	2500
2500	2501
2500	2506
2500	2514
2500	2516
2500	2907
2500	3561
2500	4730
2501	2907
4550	4550
4550	7820
2503	2907
2504	2504
2504	2907
2504	7501
2505	2907
2506	2907
2508	2907
2510	2510
2510	3561
2510	4694
2510	4704
2510	4722
2510	7502
2511	2513
2513	2513
2513	2516
2513	3488
2513	3510
2513	4729
2514	2516
2514	4694
2516	2516
2516	2519
2516	2521
2516	2526
2516	2527
2516	2915
2516	3561
2516	3786
2516	4459
2516	4673
2516	4678
2516	4702
2516	4703
2516	4704
2516	4716
2516	4725
2516	4732
2516	4755
2516	4761
2516	6453
2516	7501
2516	7514
2516	7518
4565	6317
4565	7018
4565	7152
4565	7374
4565	7586
2518	2518
2520	2907
2521	2521
2521	4702
2521	4716
2526	2526
2527	2527
2527	4774
2529	3967
2529	5417
2529	5459
2529	5564
2529	6461
8063	8063
6629	6629
6226	6226
6640	6640
4595	4595
2548	2856
2548	2914
2548	3561
2548	3799
2548	3976
2548	4010
2548	4198
2548	4355
2548	4911
2548	4989
2548	5651
2548	5737
2548	6095
2548	6130
2548	6181
2548	6223
2548	6226
2548	6335
2548	6448
2548	6597
2548	6640
2548	7018
2548	7115
2548	7132
2548	7212
2548	7293
2548	7349
2548	7734
2548	7837
2548	8079
2548	10355
2548	10399
2548	10424
2549	6503
2551	2914
2551	3561
2551	5571
2551	6996
2551	7018
2553	3447
4609	4637
4609	6453
4609	7582
2563	3608
6660	6660
6660	6765
6660	8366
517	3257
2568	2914
4618	6453
4183	5621
4183	7018
2572	3390
2572	7018
5549	6751
5549	8297
2578	3561
4628	4628
4628	4774
4628	6453
5678	5678
2588	2588
2588	5377
2588	6747
4637	4774
4637	4780
4637	5683
2593	6664
549	577
549	808
549	6241
549	6407
6696	6696
6696	6852
2140	2140
2140	2685
2602	6661
2603	6453
557	557
557	701
559	6719
2609	6762
2610	5603
2611	3333
568	721
568	724
568	1239
568	1740
568	1800
568	1913
568	2914
568	3561
568	7018
4668	7561
6719	6730
6719	6893
577	684
577	701
577	800
577	803
577	852
577	854
577	855
577	1239
577	2652
577	3561
577	6327
577	6453
577	7122
577	7734
577	7788
4678	4694
6727	6727
6727	8228
4682	4682
4682	4700
4682	4722
4682	4774
6735	6735
6243	6243
4694	4694
4694	4703
4694	4704
4694	7501
4694	7518
600	600
600	701
600	3112
600	3561
600	6640
600	7888
2652	2652
2652	6463
4703	4703
6754	6754
613	613
613	1239
613	6347
6762	6762
6762	7303
4716	4716
4716	7514
2493	5765
2493	10400
625	721
6774	6774
6776	8271
6779	6779
6250	6250
2686	2905
2686	3333
2686	3339
2686	4178
2686	5435
2686	5459
4736	4736
4738	7474
4738	7476
4738	7569
4738	7570
4740	4740
4740	4763
4740	7474
4742	7474
6799	6799
2706	4628
2706	4637
2706	4774
2707	3561
6805	6878
6805	8387
4763	4768
668	1239
668	1673
668	1740
668	1800
668	2914
668	3561
668	5872
668	7018
668	7170
6813	6813
6813	8297
4766	4766
4766	7018
4766	7561
6597	6597
4768	4768
679	1853
679	2686
681	4648
683	1225
6829	6829
6829	6873
10355	10355
701	701
701	702
701	703
701	705
701	814
701	816
701	1225
701	1236
701	1239
701	1280
701	1673
701	1740
701	1744
701	1746
701	1755
701	1757
701	1760
701	1800
701	1830
701	1982
701	2003
701	2015
701	2033
701	2041
701	2056
701	2140
701	2150
701	2276
701	2379
701	2497
701	2516
701	2548
701	2551
701	2647
701	2648
701	2685
701	2697
701	2828
701	2899
701	2901
701	2905
701	2914
701	2917
701	2933
701	2941
701	3132
701	3257
701	3286
701	3300
701	3360
701	3378
701	3384
701	3403
701	3407
701	3450
701	3462
701	3479
701	3491
701	3493
701	3502
701	3505
701	3549
701	3554
701	3557
701	3561
701	3563
701	3591
701	3593
701	3614
701	3701
701	3720
701	3739
701	3742
701	3751
701	3768
701	3799
701	3803
701	3820
701	3847
701	3850
701	3855
701	3900
701	3932
701	3951
701	3967
701	3976
701	4000
701	4006
701	4136
701	4151
701	4183
701	4195
701	4200
701	4230
701	4231
701	4277
701	4279
701	4310
701	4314
701	4355
701	4356
701	4364
701	4374
701	4436
701	4511
701	4513
701	4540
701	4544
701	4565
701	4583
701	4587
701	4637
701	4657
701	4694
701	4722
701	4911
701	4926
701	4958
701	4979
701	4996
701	5000
701	5003
701	5006
701	5049
701	5056
701	5089
701	5097
701	5462
701	5486
701	5490
701	5588
701	5594
701	5646
701	5650
701	5651
701	5668
701	5669
701	5683
701	5684
701	5693
701	5705
701	5713
701	5714
701	5727
701	5737
701	5754
701	5763
701	5774
701	5778
701	5798
701	6062
701	6064
701	6066
701	6071
701	6082
701	6095
701	6113
701	6128
701	6130
701	6163
701	6181
701	6195
701	6197
701	6198
701	6201
701	6203
701	6223
701	6225
701	6226
701	6227
701	6245
701	6248
701	6254
701	6283
701	6301
701	6303
701	6317
701	6319
701	6334
701	6335
701	6347
701	6371
701	6372
701	6380
701	6381
701	6382
701	6383
701	6384
701	6385
701	6386
701	6387
701	6388
701	6394
701	6404
701	6419
701	6423
701	6437
701	6453
701	6459
701	6461
701	6467
701	6482
701	6499
701	6503
701	6507
701	6553
701	6554
701	6582
701	6589
701	6597
701	6619
701	6660
701	6664
701	6745
701	6762
701	6790
701	6859
701	6912
701	6949
701	6983
701	6993
701	7016
701	7018
701	7029
701	7046
701	7115
701	7148
701	7152
701	7178
701	7183
701	7194
701	7203
701	7260
701	7281
701	7301
701	7303
701	7317
701	7430
701	7474
701	7748
701	7792
701	7837
701	7862
701	7876
701	7892
701	7893
701	7894
701	7915
701	8000
701	8015
701	8043
701	8048
701	8060
701	8062
701	8063
701	8070
701	8079
701	8090
701	8143
701	8156
701	8188
701	8210
701	8517
701	10275
701	10363
701	10368
701	10424
701	10440
701	10553
701	10680
702	702
702	703
702	1103
702	1257
702	1267
702	1270
702	1299
702	1653
702	1755
702	1759
702	1849
702	1890
702	2118
702	2603
702	2822
702	2871
702	2917
702	3242
702	3259
702	3286
702	3300
702	3302
702	3328
702	3333
702	3336
702	4000
702	5377
702	5409
702	5430
702	5490
702	5556
702	5590
702	5603
702	6067
702	6696
702	6727
702	6730
702	6735
702	6754
702	6813
702	8243
702	8298
702	8434
2683	5568
6852	6852
714	6347
715	1239
715	6461
2764	3409
2764	4739
2764	7586
719	790
719	3336
721	721
721	745
721	1591
721	5109
6870	6870
3366	3366
745	745
745	3561
6893	6893
6900	6900
760	1853
760	2494
762	1326
762	3356
766	6813
4908	4908
6922	6922
6922	7018
2828	2914
2828	3561
2828	4768
2828	4908
2828	5097
2828	6568
2828	7018
786	1213
786	1849
786	5459
786	6453
789	1717
803	1239
6949	6949
6949	7018
5687	5687
5687	6347
5687	6461
2860	4005
814	815
814	1691
814	3602
814	6327
4911	5738
816	3493
816	3602
816	5688
816	5765
816	6241
816	6327
816	6401
816	6407
816	7788
816	7992
816	10400
2871	2871
2871	3257
2871	7176
4926	4926
4926	6057
4926	6813
4926	7018
3301	3307
6983	6983
6993	6993
6994	6994
2899	2899
2899	3561
852	852
852	1239
852	1691
852	3359
852	6327
852	6638
852	10482
2905	2905
2905	2914
2905	3741
2905	5713
2905	6083
2905	6187
2905	6453
2907	2907
2907	2914
2907	4730
4958	6113
2911	3561
144	7018
2914	2917
2914	3130
2914	3257
2914	3320
2914	3356
2914	3384
2914	3407
2914	3428
2914	3491
2914	3549
2914	3557
2914	3561
2914	3563
2914	3582
2914	3701
2914	3720
2914	3786
2914	3819
2914	3847
2914	3932
2914	3951
2914	3967
2914	3976
2914	4000
2914	4006
2914	4136
2914	4183
2914	4200
2914	4222
2914	4258
2914	4436
2914	4527
2914	4540
2914	4544
2914	4565
2914	4694
2914	4969
2914	5000
2914	5089
2914	5409
2914	5413
2914	5462
2914	5683
2914	5696
2914	5798
2914	6066
2914	6079
2914	6113
2914	6172
2914	6248
2914	6259
2914	6261
2914	6320
2914	6402
2914	6427
2914	6453
2914	6461
2914	6467
2914	6660
2914	6716
2914	6745
2914	6939
2914	7018
2914	7037
2914	7170
2914	7194
2914	7374
2914	7473
2914	7922
2914	8070
2914	10368
2914	10430
2914	10466
2915	4680
2915	4696
2917	2917
2917	5436
2917	5459
2917	5511
6289	6289
6289	7397
7016	7016
7016	7922
4969	5641
4969	6427
4969	6461
4969	7055
4969	8001
7018	7018
7018	7068
7018	7170
7018	7303
7018	7358
7018	7374
7018	7462
7018	7726
7018	7838
7018	7884
7018	7922
7018	8043
7018	8143
7018	10384
4982	5687
4983	4983
7037	7037
7037	7283
7037	7497
7046	7046
5000	5000
5003	5003
5006	5006
5006	6924
5006	7792
5006	7973
4589	5459
4589	5607
7066	10357
7068	7068
1916	3561
6301	7018
2052	8114
5050	5050
5050	7018
6306	6306
6306	7927
5071	5071
5071	6453
5071	7189
5074	7018
5076	6347
5078	5078
7127	7127
7132	7132
5089	5459
5089	5500
5089	7018
5097	5097
10399	10399
5109	5109
5109	6467
3064	6467
2900	3847
2900	5696
3081	3561
7189	7189
7194	7194
6661	6661
6661	8284
4616	4637
513	513
513	789
513	1836
513	3561
513	6719
5641	5641
5641	7055
3128	3152
3132	3132
6325	6325
1888	3333
6327	6327
6327	10482
1103	1104
1103	1136
1103	1888
1103	3333
1103	6453
1103	6905
1104	3333
7253	7253
1113	1853
1114	1853
7260	7820
7260	8011
1119	1853
7015	7015
7015	7922
5650	6188
1136	3300
1136	5399
1136	5610
1136	8209
10430	10430
7293	7293
4130	5050
7303	7303
3215	4000
3215	5436
3215	5511
3215	6727
6859	8297
6684	8217
3242	8217
3248	3248
3249	6453
7349	7349
6996	6996
3257	3257
3257	3333
3257	3561
3257	4000
3257	4269
3257	5401
3257	5409
3257	5424
3257	5427
3257	5430
3257	5459
3257	5539
3257	5549
3257	6705
3257	6754
3257	6859
3257	6900
3257	7018
3259	5436
1213	3561
1220	6113
1221	1221
1221	2687
1221	2764
1221	3561
1221	4736
1221	4739
1221	4740
1221	4742
1221	4763
1221	5727
1221	6453
1221	6992
1221	7567
1221	7586
1224	1225
1225	1225
1225	1239
1225	1325
1225	2914
1225	3561
1225	4595
1226	1226
1226	3561
1226	5650
1237	3561
3286	3286
3286	5459
1239	1239
1239	1673
1239	1706
1239	1740
1239	1746
1239	1757
1239	1760
1239	1767
1239	1784
1239	1785
1239	1800
1239	1830
1239	2041
1239	2056
1239	2150
1239	2277
1239	2379
1239	2497
1239	2516
1239	2518
1239	2529
1239	2548
1239	2551
1239	2563
1239	2572
1239	2685
1239	2828
1239	2899
1239	2902
1239	2907
1239	2914
1239	2933
1239	3064
1239	3132
1239	3292
1239	3320
1239	3356
1239	3366
1239	3384
1239	3404
1239	3447
1239	3450
1239	3462
1239	3463
1239	3491
1239	3502
1239	3505
1239	3549
1239	3554
1239	3561
1239	3563
1239	3566
1239	3578
1239	3593
1239	3602
1239	3614
1239	3734
1239	3739
1239	3742
1239	3749
1239	3768
1239	3803
1239	3831
1239	3847
1239	3850
1239	3851
1239	3857
1239	3912
1239	3951
1239	3967
1239	4000
1239	4005
1239	4006
1239	4134
1239	4200
1239	4231
1239	4258
1239	4327
1239	4358
1239	4373
1239	4513
1239	4544
1239	4550
1239	4565
1239	4587
1239	4595
1239	4637
1239	4648
1239	4694
1239	4722
1239	4761
1239	4780
1239	4969
1239	4979
1239	4999
1239	5006
1239	5050
1239	5056
1239	5511
1239	5646
1239	5650
1239	5674
1239	5675
1239	5676
1239	5677
1239	5678
1239	5683
1239	5693
1239	5696
1239	5714
1239	5738
1239	5769
1239	5778
1239	6062
1239	6065
1239	6082
1239	6095
1239	6113
1239	6128
1239	6140
1239	6161
1239	6167
1239	6172
1239	6181
1239	6201
1239	6226
1239	6248
1239	6302
1239	6325
1239	6332
1239	6334
1239	6347
1239	6372
1239	6413
1239	6428
1239	6453
1239	6459
1239	6461
1239	6467
1239	6494
1239	6499
1239	6553
1239	6597
1239	6922
1239	6992
1239	6993
1239	7018
1239	7037
1239	7066
1239	7115
1239	7132
1239	7170
1239	7189
1239	7194
1239	7228
1239	7253
1239	7258
1239	7293
1239	7497
1239	7876
1239	7888
1239	8015
1239	8043
1239	8070
1239	8151
1239	10384
1239	10399
1239	10430
1239	10440
1239	10609
1241	3561
3292	3292
3292	3308
3292	3333
3292	3561
3292	5459
3292	5556
3292	6834
1248	5556
7397	7397
3302	3303
3302	5396
3303	3303
3303	5398
3303	5622
3303	6730
3303	6772
3304	6696
1257	1755
1257	1800
1257	2120
1257	5492
1257	6762
3307	3307
4270	4270
4270	4926
4270	7303
4648	4648
1267	1267
1267	3302
1267	8297
3316	5568
1270	3257
1270	6805
1270	8298
3320	4000
3320	5459
3320	5483
3320	6461
3320	7018
3320	8303
3320	8422
1273	1755
1273	1800
1273	1849
1273	2861
1273	3333
1273	5459
1273	5517
1273	6553
1273	6779
1273	6805
1273	8309
1273	8397
1275	1275
1275	3561
1275	5520
1275	6878
1275	8319
1280	6172
1280	7922
5377	5377
5377	6453
5377	6668
3330	6873
4651	4651
4651	4774
4651	5727
3335	5568
3336	3336
3336	7018
5676	5676
1290	1755
1290	1849
1290	5459
1290	5607
1290	6195
1290	8355
111	145
111	701
5388	5459
5388	5564
5388	7176
5388	8220
5391	5391
5391	6762
3344	5459
3344	6320
3344	8297
5394	6664
5394	6684
1299	1755
1299	1849
1299	2820
1299	2874
1299	3301
1299	3308
1299	5459
1299	5556
1299	6793
5396	6684
5398	6719
3352	3352
3352	6813
5401	6453
3354	6922
5403	6873
3356	3561
3356	4200
3356	5705
3356	6317
3356	6994
3356	7018
8001	8001
1312	3561
1312	7066
5409	5409
5409	5459
5409	8297
5413	5459
5413	5519
5413	6939
5413	7018
2941	2941
2941	6467
4657	7473
3368	3368
3368	3491
3368	3561
1322	1673
1322	3905
1323	1673
1324	1660
1324	1673
1324	1698
1325	1673
1325	1757
1325	3549
1326	1673
1326	1695
1326	3799
1327	1673
1327	6629
1327	7301
1329	1673
1330	1673
5430	5430
5430	8469
1335	1673
1335	6553
3384	3384
3384	3951
3384	4148
5500	5564
5436	5436
5436	6689
8160	8160
3403	6082
7502	7502
3407	3407
3407	3561
3407	3857
3407	4550
3407	5413
3407	5646
3409	3409
5459	5462
5459	5519
5459	5551
5459	5557
5459	5571
5459	5607
5459	5621
5459	5669
5459	6067
5459	6745
5459	6765
5459	6779
5459	6805
5459	6847
5459	7148
5459	7176
5459	8220
5459	8297
5459	8406
5466	5466
7055	7055
6373	6373
3429	4729
6716	6716
6716	7018
5483	5483
5483	5561
5483	6453
5483	6668
5486	5486
8366	8366
5490	5490
3305	5594
3305	6727
3448	7018
3462	3462
3462	6461
3462	7018
4673	4673
3464	3464
3464	3561
3464	6388
3464	8062
3464	8063
5517	5517
5519	5557
7586	7586
3491	3561
3491	3932
3491	4198
3491	4637
3491	5641
3491	6079
3491	6261
3491	6319
3491	6660
3491	6859
3493	6407
3493	8160
10482	10482
3502	3561
3502	7018
5551	5683
5551	5713
5551	6747
5551	6830
5551	8263
5551	8271
5551	8297
5551	8406
3505	3505
3505	6113
5556	5556
5556	6670
5556	8210
5561	5561
5564	5564
6730	6776
6730	6893
5568	5568
5568	6453
6664	6664
6664	6762
6664	6882
5583	8211
6187	6187
5588	5588
5594	5594
5594	6461
5594	8228
3549	3549
3549	3561
3549	3931
3549	5097
3549	5651
3549	5738
3549	6066
3549	6245
3549	7018
3549	7055
3549	7151
3549	7837
3549	8001
3554	3554
3554	6203
3554	6467
5603	5603
3557	6461
5607	5607
5607	6453
5607	6727
5607	6763
3561	3563
3561	3599
3561	3614
3561	3662
3561	3700
3561	3701
3561	3720
3561	3742
3561	3768
3561	3786
3561	3831
3561	3847
3561	3912
3561	3931
3561	3932
3561	3951
3561	3967
3561	4006
3561	4134
3561	4136
3561	4181
3561	4183
3561	4200
3561	4230
3561	4243
3561	4279
3561	4286
3561	4293
3561	4373
3561	4374
3561	4436
3561	4459
3561	4513
3561	4540
3561	4544
3561	4550
3561	4565
3561	4637
3561	4651
3561	4694
3561	4722
3561	4755
3561	4761
3561	4908
3561	4926
3561	5000
3561	5006
3561	5049
3561	5056
3561	5078
3561	5391
3561	5400
3561	5466
3561	5483
3561	5486
3561	5556
3561	5603
3561	5651
3561	5683
3561	5696
3561	5743
3561	6057
3561	6065
3561	6081
3561	6086
3561	6095
3561	6113
3561	6130
3561	6140
3561	6163
3561	6172
3561	6195
3561	6203
3561	6225
3561	6243
3561	6245
3561	6250
3561	6259
3561	6289
3561	6306
3561	6327
3561	6334
3561	6347
3561	6354
3561	6423
3561	6437
3561	6453
3561	6461
3561	6467
3561	6482
3561	6501
3561	6503
3561	6507
3561	6534
3561	6553
3561	6582
3561	6600
3561	6745
3561	6774
3561	6799
3561	6813
3561	6992
3561	6993
3561	6994
3561	7015
3561	7018
3561	7037
3561	7068
3561	7122
3561	7127
3561	7148
3561	7151
3561	7178
3561	7194
3561	7253
3561	7258
3561	7283
3561	7303
3561	7358
3561	7726
3561	7748
3561	7757
3561	7820
3561	8000
3561	8043
3561	8070
3561	8079
3561	8090
3561	8143
3561	8156
3561	8210
3561	10680
5610	6453
3566	3566
3566	7260
5622	6719
7757	7757
7757	7922
5625	8264
3578	3578
3578	5651
3582	3701
3328	3328
3328	5459
3328	6716
3328	8297
3588	5650
5378	5459
5378	6553
5378	6660
5378	8366
5646	5646
5646	6200
5646	6259
5646	6325
5646	6349
5646	6392
5646	6402
5646	6716
5646	7018
5646	7189
5646	7820
5646	8011
3599	3599
3599	7260
2648	5743
3602	3602
3602	4143
3602	4509
3602	5688
3602	5755
3602	6327
3602	6401
3602	6463
3602	6638
3602	6997
5651	5651
5653	5653
1559	1913
3608	3976
3608	7563
1562	1913
1564	1913
3614	7018
3615	5466
5669	6461
3803	6079
6065	6332
6065	6503
5673	5774
5673	6394
5674	5674
5675	5675
5677	5677
3632	6503
5683	6079
5683	6163
5683	6453
5683	7474
7734	7734
1591	2548
5688	5688
703	3758
703	4058
703	7586
5645	5645
5645	8043
5693	5693
5696	6062
5696	6113
5696	6322
5696	6461
5696	7018
5696	7037
5696	7359
7748	7748
5705	5705
3661	3662
3662	4158
3662	4605
3662	4616
3662	4637
5713	5713
5713	6083
5713	6089
5713	7460
5727	5727
5727	6619
5727	7018
5727	7473
5727	7474
3680	7018
5730	7018
4989	6467
5737	5737
5738	5738
5743	5743
7792	7792
3701	4201
3701	4222
3701	7396
4198	4198
1667	1673
1667	6201
1667	6805
5511	5511
278	3561
278	6503
1670	1673
1673	1674
1673	1675
1673	1677
1673	1740
1673	1746
1673	1800
1673	2041
1673	2056
1673	2548
1673	2551
1673	2685
1673	2914
1673	3356
1673	3407
1673	3491
1673	3561
1673	3951
1673	3967
1673	4000
1673	4006
1673	4200
1673	4436
1673	4544
1673	4565
1673	5696
1673	6113
1673	6172
1673	6461
1673	7922
7820	7820
6765	6847
6765	8271
6765	8297
1680	1680
1680	3561
1680	6453
5400	5484
5400	6670
5400	6684
5400	6689
5400	6730
5400	6774
5400	6870
5400	8228
3734	3734
3734	6461
3737	4231
1691	3561
1691	7189
3741	3741
3741	4005
3741	7018
3741	7460
4148	4148
3749	3749
3749	7212
5798	5798
3751	4200
3758	4637
3758	7473
3262	3262
3262	3352
1717	5511
3768	5622
1653	1755
1653	2603
1653	2834
1653	2836
3360	3360
3360	5641
6433	7018
3786	6068
3786	6461
3786	7561
1740	1740
1740	1746
1740	1800
1740	2041
1740	2497
1740	2548
1740	2551
1740	2568
1740	2685
1740	2828
1740	2914
1740	3320
1740	3356
1740	3549
1740	3561
1740	3588
1740	3680
1740	3847
1740	3951
1740	3967
1740	4000
1740	4006
1740	4183
1740	4200
1740	4269
1740	4310
1740	4374
1740	4540
1740	4544
1740	4565
1740	4694
1740	5000
1740	5050
1740	5400
1740	5413
1740	5462
1740	5683
1740	5696
1740	5727
1740	6066
1740	6113
1740	6172
1740	6354
1740	6461
1740	7018
1740	7127
1740	7170
1740	7178
1740	7203
1740	7377
1740	8188
1741	2603
1741	3221
1741	3343
1742	7018
1746	1746
1746	2497
1746	2914
1746	3561
1746	7018
7893	7893
3799	3799
1755	1755
1755	1759
1755	1800
1755	1853
1755	1880
1755	1902
1755	2108
1755	2529
1755	2603
1755	2686
1755	3248
1755	3278
1755	3300
1755	3303
1755	3330
1755	3333
1755	4269
1755	5388
1755	5400
1755	5403
1755	5413
1755	5424
1755	5462
1755	5517
1755	5539
1755	5551
1755	5588
1755	5595
1755	5607
1755	5621
1755	5669
1755	6664
1755	6745
1755	6754
1755	6774
1755	6779
1755	6830
1755	6873
1755	8210
1755	8220
1755	8228
1755	8379
1755	8397
1755	8434
1757	7018
1759	3249
1759	5590
1759	6747
5856	7170
1761	6922
1659	7018
1767	1767
1767	3561
1767	6402
3817	3956
3817	5003
3817	8043
3819	8043
2685	2686
2685	2687
2685	2914
2685	3079
2685	3561
2685	5673
2685	5674
2685	5675
2685	5676
2685	5677
2685	5678
2685	7018
7922	7922
3831	5003
1784	1784
1784	3549
4151	4151
4151	6582
3333	5388
3333	5399
3333	5413
3333	5417
3333	5462
3333	5484
3333	5511
3333	5583
3333	5590
3333	6745
3333	6765
3333	6774
3333	6805
3333	7176
3333	8209
3333	8210
3333	8220
3333	8251
1798	2914
1798	3701
3847	3847
3847	5413
3847	5646
3847	6113
3847	6259
3847	7018
1800	1800
1800	1880
1800	2027
1800	2497
1800	2548
1800	2551
1800	3336
1800	3561
1800	5511
1800	5696
1800	6172
2856	3561
2856	4983
2856	5400
2856	5459
2856	5713
2856	6553
2856	6779
2856	6870
2856	8366
3857	3857
3857	7018
3857	8011
4134	4134
4134	4808
4134	5727
4134	6993
5763	5763
1785	3628
1785	3820
1785	4017
5765	5765
6790	6790
1830	6553
7473	7473
1835	2603
1835	3240
1840	3632
2107	2107
2697	4755
1849	2529
1849	2686
1849	2856
1849	3257
1849	3286
1849	3320
1849	3328
1849	3344
1849	4983
1849	5089
1849	5378
1849	5388
1849	5409
1849	5413
1849	5459
1849	5462
1849	5500
1849	5551
1849	5557
1849	5571
1849	5607
1849	5621
1849	5622
1849	5669
1849	6195
1849	6745
1849	6765
1850	2603
1850	6453
1852	1852
1852	2828
1852	3967
1852	5653
1852	6106
1852	6192
1853	2036
1853	6720
3905	6332
3343	5568
3343	6453
1334	1673
1334	2901
1334	3912
3912	3912
8011	8011
5432	6774
6259	6259
3932	3932
3932	7018
1887	2603
1887	8267
1890	3333
1901	8387
3951	3956
3951	6350
3951	7018
3951	7021
3951	7127
3951	7192
3951	7228
3951	8016
3951	8114
8048	8048
1906	3561
4755	4755
4755	6453
4755	6762
3405	3561
8062	8062
3967	3967
3967	6081
3967	6347
3967	6942
3967	7018
3269	6664
2027	2027
2027	4005
8070	8070
3976	4766
1930	1930
1930	5516
1930	6813
1932	3549
8079	8079
3463	3463
3463	5696
3463	6373
3463	6488
3999	5050
4000	4000
4000	5000
4000	5459
4000	5511
4000	5564
4000	5583
4000	6187
4000	6719
4000	6779
4000	6852
4000	6873
4000	6897
4000	7927
4000	8284
4000	8297
815	816
815	6327
4200	4258
4200	5594
4200	5714
4200	6245
4200	6371
4200	6392
4200	6467
4200	8180
4200	8196
4200	10621
3739	3739
3739	5324
4005	5561
4005	6412
4006	6283
4006	7018
4010	4010
4010	5650
6062	6062
6064	6064
6064	6467
6064	6503
3742	5687
8180	8180
4780	4780
4780	7018
3300	3300
3300	3302
3300	3303
3300	3304
3300	3305
3300	3330
3300	3333
3300	3352
3300	5089
3300	5378
3300	5401
3300	5403
3300	5409
3300	5417
3300	5427
3300	5466
3300	5539
3300	5571
3300	5595
3300	5603
3300	5610
3300	5620
3300	6705
3300	6754
3300	6762
3300	6772
3300	6774
3300	6799
3300	6805
3300	6829
3300	6905
3300	7018
3300	8196
3300	8379
3300	8397
1982	1982
1982	3407
6079	6079
6437	6437
6083	6089
1998	5006
6095	6095
2008	4637
4058	6461
4058	7582
2011	3561
2012	6668
2015	2015
2015	6259
2015	6347
6112	6983
6113	6373
6113	6939
6113	8062
6113	8063
2018	2905
2018	3741
2024	6172
2044	3561
2044	4982
8319	8319
5769	5769
5769	6453
2033	2033
2033	3561
2033	4969
2033	6347
6130	6130
7501	7501
7501	7502
7501	7514
2041	2276
2041	2497
2041	2914
2041	3384
2041	3561
2041	3789
2041	6086
2041	6243
2041	7018
2041	10475
2042	2042
2042	4774
2042	5727
2042	6453
6140	6198
6140	6306
7474	7474
7474	7476
7474	7569
7474	7570
7474	7571
7474	7572
7474	7573
