# Undirected graph (each unordered pair of nodes is saved once): data/preprocessed_01/63.txt
# Preprocessed on 2016-04-26T13:14:30.149613
# Nodes: 1024 Edges: 2367
# NodeId	NodeId
2048	7893
1	3
1	6
1	32
1	33
1	34
1	46
1	48
1	49
1	70
1	71
1	90
1	109
1	111
1	140
1	144
1	157
1	174
1	286
1	293
1	557
1	613
1	625
1	701
1	714
1	1236
1	1239
1	1673
1	1740
1	1830
1	1842
1	1913
1	2024
1	2041
1	2511
1	2637
1	2714
1	2914
1	3257
1	3303
1	3404
1	3448
1	3450
1	3452
1	3479
1	3527
1	3557
1	3561
1	3614
1	3680
1	3720
1	3739
1	3749
1	3847
1	3857
1	4151
1	4200
1	4310
1	4355
1	4454
1	4511
1	4544
1	4550
1	4583
1	4648
1	4766
1	4780
1	4911
1	4926
1	5000
1	5388
1	5413
1	5462
1	5661
1	5684
1	5693
1	5723
1	5727
1	5737
1	6059
1	6203
1	6227
1	6245
1	6394
1	6433
1	6553
1	6597
1	6949
1	7015
1	7016
1	7068
1	7152
1	7176
1	7203
1	7430
1	7462
1	7838
1	7884
1	8043
1	8143
1	10355
1	10553
9	5050
13	668
13	7170
16	293
17	701
17	1323
8210	8264
22	668
22	7170
26	145
26	1785
27	145
27	2548
31	226
31	293
33	701
33	2914
34	3932
38	145
38	293
38	1224
38	1225
38	5646
41	297
43	293
43	1785
45	293
46	293
46	701
48	48
48	668
50	293
50	3450
52	1852
52	3561
55	145
55	10466
2108	5391
2116	3220
70	3527
71	701
71	786
71	1270
71	1290
71	1755
71	3300
71	3758
72	5551
8267	8267
81	701
81	1239
81	6250
4178	5713
83	668
83	7170
4181	4181
87	1225
87	6402
88	293
88	1740
90	701
90	1239
4197	4694
2150	2150
2150	3561
103	145
103	293
103	5646
103	7326
6248	6248
109	109
109	701
109	2548
114	278
114	297
114	701
114	3354
114	3561
114	7362
114	8090
2933	2933
2933	3561
2933	5763
6263	6263
125	3847
4222	6377
127	127
127	226
127	297
131	701
131	1852
131	3561
4230	6453
4231	4969
137	137
137	5441
140	701
145	160
145	194
145	195
145	217
145	225
145	237
145	293
145	297
145	1224
145	1312
145	1706
145	1909
145	3112
145	3128
145	3561
145	5050
145	6200
145	7377
25	293
25	1852
25	5653
157	1239
159	600
159	3112
160	5646
4258	4258
6172	6327
174	286
174	293
174	297
174	701
174	1239
174	1290
174	1673
174	1740
174	1932
174	2056
174	2529
174	2548
174	2554
174	2914
174	3356
174	3561
174	3847
174	3957
174	4200
174	4544
174	5413
174	6071
174	6113
174	6195
174	6303
174	7068
174	7884
174	7922
174	8013
174	8355
175	668
6320	6461
6320	8001
6332	6342
6332	8151
6332	10436
6335	6335
194	3561
195	1227
195	1740
4293	4293
6347	6428
6347	7258
6347	8180
6347	10621
3789	3789
3789	5646
210	1239
217	293
217	5006
4314	5696
224	2603
225	225
225	1239
225	7066
226	293
226	1740
226	2150
226	3847
226	7397
6371	6471
6371	7303
2276	3354
2276	3561
8422	8422
237	2685
237	3561
237	7016
239	549
6392	6392
6402	6402
4355	6983
4358	4358
4358	5646
4358	5696
4358	6081
268	3561
271	577
6427	6427
286	286
286	293
286	297
286	517
286	568
286	668
286	701
286	702
286	790
286	1673
286	1740
286	1741
286	1746
286	1755
286	1800
286	1836
286	1890
286	1891
286	1899
286	1901
286	2041
286	2110
286	2116
286	2118
286	2497
286	2548
286	2551
286	2610
286	2828
286	2914
286	3220
286	3245
286	3257
286	3300
286	3320
286	3333
286	3356
286	3407
286	3491
286	3561
286	3847
286	3951
286	3967
286	4000
286	4006
286	4200
286	4436
286	4540
286	4565
286	5388
286	5400
286	5696
286	6066
286	6113
286	6172
286	6461
286	6660
286	7170
288	297
288	1890
291	293
292	293
293	297
293	513
293	568
293	577
293	668
293	683
293	701
293	1225
293	1239
293	1275
293	1673
293	1740
293	1746
293	1800
293	1852
293	2041
293	2548
293	2551
293	2685
293	2698
293	2828
293	2914
293	2917
293	3152
293	3257
293	3320
293	3354
293	3356
293	3380
293	3407
293	3428
293	3429
293	3431
293	3491
293	3561
293	3720
293	3847
293	3932
293	3951
293	3967
293	4000
293	4006
293	4136
293	4183
293	4200
293	4436
293	4540
293	4544
293	4565
293	5378
293	5462
293	5646
293	5683
293	5696
293	6113
293	6172
293	6200
293	6259
293	6261
293	6461
293	6660
293	6716
293	6939
293	7066
293	7170
293	7194
293	7922
297	668
297	701
297	786
297	1239
297	1673
297	1740
297	1800
297	1842
297	2513
297	2914
297	3488
297	3561
297	3847
297	5413
297	6629
299	1852
6453	6661
6453	6677
6453	6762
6453	7473
6453	8220
6453	8297
6453	8346
6461	6939
6461	7374
6463	6463
6463	7788
6463	7992
1760	4544
1760	4983
6467	6983
2381	3128
2381	5646
2381	7050
4433	4433
4433	7637
4436	5856
7567	7567
6203	6203
6203	7018
4454	6382
4454	6383
6503	8007
2110	3561
4470	4470
4470	7445
378	3339
7915	10609
3900	3900
3900	8043
6553	6553
6553	10348
68	293
4509	6327
4513	4513
2118	2118
2118	2578
2118	2820
2118	3316
6568	6762
4527	5646
4544	5413
4544	6245
2497	2497
2497	2526
2497	2914
2497	3561
2497	3847
2497	4703
2497	4713
2497	4716
2497	4725
2497	4732
2497	4774
2497	7501
2497	7518
2498	2907
2500	2500
2500	2504
2500	2506
2500	2508
2500	2516
2500	2520
2500	2907
2500	3561
2501	2907
2503	2907
2504	2907
2505	2907
2505	3429
2506	2907
2508	2907
2510	3561
2510	4704
2510	4722
2511	2513
2513	2513
2513	2516
2513	3510
2513	4729
2514	2516
2514	2521
2514	4694
5539	5539
2516	2516
2516	2519
2516	2521
2516	2526
2516	2527
2516	2529
2516	2554
2516	3561
2516	4459
2516	4673
2516	4702
2516	4703
2516	4704
2516	4725
2516	4732
2516	7501
4565	5413
4565	6113
4565	6317
4565	7152
2520	2907
2521	2521
2521	3561
2521	4702
2521	4716
2521	4725
2521	7502
2526	2526
2527	2527
2527	4774
2529	2529
2529	3561
2529	3967
2529	5417
2529	5459
6629	6629
4583	4583
6638	6638
4595	4595
2548	2914
2548	2933
2548	3561
2548	3799
2548	4010
2548	4198
2548	4989
2548	5049
2548	5097
2548	5378
2548	5409
2548	5561
2548	5595
2548	5669
2548	6226
2548	6302
2548	6448
2548	6640
2548	6830
2548	7115
2548	7132
2548	7293
2548	7734
2548	8442
2548	10355
2548	10399
2548	10424
2549	6503
2551	2914
2551	3561
2551	5378
2551	5413
2551	5571
2551	6996
2553	3447
4609	4637
4609	7582
517	1755
517	3257
2568	2568
4618	6453
4183	5621
2572	3390
2572	7018
5549	5549
5549	6751
2578	3561
4628	4628
4628	4774
4628	7473
2588	5377
2593	6664
549	577
549	808
549	6241
549	6407
549	6553
2140	2140
2140	2685
2602	6661
2603	3300
2603	5377
2603	5413
557	701
2609	6762
2611	3561
2611	5417
568	721
568	724
568	1239
568	1673
568	1740
568	1913
568	2914
568	3561
568	3847
568	4200
4668	7561
6719	6772
6719	6893
577	577
577	684
577	800
577	803
577	852
577	854
577	855
577	2652
577	3561
577	6453
577	6463
577	7122
4678	4694
4682	4682
4682	4700
4682	4722
4682	4774
6735	6735
4694	7501
4694	7518
600	3112
600	3561
600	3847
600	6640
600	7888
2652	2652
6754	6754
613	613
613	6347
4713	4713
6762	7303
4716	7514
2493	2493
2493	2652
2493	3561
2493	4470
2493	5765
2493	6453
2493	6537
2493	6638
2493	7445
2493	7734
2493	7788
2493	8160
2493	10400
4722	4722
4722	4725
4725	4725
6774	6774
6250	6250
2686	3339
2686	5459
4736	4736
4738	7474
4740	4740
4740	7474
4742	5727
6799	6799
2706	2706
2706	4774
2707	3561
6805	6878
4763	4768
668	1239
668	1673
668	1740
668	2914
668	3561
668	3847
668	5856
668	5872
668	7170
4766	7561
6597	6597
4768	4768
4768	6453
679	1853
679	2686
681	681
681	4648
681	4763
681	4768
683	1225
683	3847
6829	6873
10355	10355
701	701
701	702
701	703
701	705
701	814
701	816
701	1236
701	1239
701	1270
701	1280
701	1673
701	1740
701	1744
701	1746
701	1760
701	1800
701	1830
701	1982
701	2003
701	2015
701	2041
701	2276
701	2497
701	2548
701	2551
701	2647
701	2648
701	2685
701	2697
701	2706
701	2828
701	2871
701	2899
701	2905
701	2911
701	2917
701	2933
701	2941
701	3286
701	3302
701	3336
701	3356
701	3384
701	3403
701	3407
701	3448
701	3479
701	3491
701	3493
701	3549
701	3557
701	3561
701	3591
701	3593
701	3614
701	3700
701	3739
701	3742
701	3751
701	3799
701	3803
701	3820
701	3847
701	3855
701	3900
701	3951
701	3967
701	3976
701	4006
701	4058
701	4136
701	4151
701	4183
701	4195
701	4200
701	4231
701	4277
701	4279
701	4310
701	4314
701	4355
701	4356
701	4364
701	4374
701	4433
701	4436
701	4511
701	4540
701	4544
701	4565
701	4583
701	4587
701	4637
701	4694
701	4722
701	4908
701	4911
701	4958
701	4969
701	4979
701	4983
701	4996
701	5000
701	5003
701	5049
701	5056
701	5076
701	5089
701	5378
701	5413
701	5462
701	5486
701	5588
701	5594
701	5645
701	5646
701	5650
701	5668
701	5669
701	5683
701	5684
701	5705
701	5713
701	5727
701	5737
701	5738
701	5754
701	5763
701	5778
701	6064
701	6066
701	6067
701	6081
701	6082
701	6095
701	6113
701	6130
701	6181
701	6195
701	6201
701	6203
701	6223
701	6225
701	6226
701	6227
701	6245
701	6248
701	6283
701	6301
701	6303
701	6317
701	6319
701	6335
701	6347
701	6354
701	6371
701	6372
701	6394
701	6404
701	6419
701	6437
701	6453
701	6459
701	6461
701	6467
701	6482
701	6499
701	6554
701	6582
701	6589
701	6597
701	6664
701	6745
701	6790
701	6859
701	6983
701	6993
701	7029
701	7046
701	7115
701	7148
701	7151
701	7178
701	7183
701	7194
701	7203
701	7260
701	7281
701	7303
701	7317
701	7362
701	7374
701	7430
701	7474
701	7792
701	7837
701	7862
701	7876
701	7915
701	8015
701	8043
701	8070
701	8079
701	8090
701	8143
701	8156
701	8188
701	8517
701	10275
701	10363
701	10368
701	10424
701	10440
701	10553
702	702
702	703
702	1103
702	1267
702	1270
702	1299
702	1653
702	1755
702	1759
702	1849
702	1890
702	2007
702	2603
702	2822
702	2871
702	2917
702	3242
702	3244
702	3259
702	3286
702	3300
702	3302
702	3328
702	3333
702	3336
702	4000
702	5377
702	5401
702	5409
702	5430
702	5490
702	5556
702	5590
702	6696
702	6727
702	6735
702	6754
702	6900
702	8243
702	8298
6852	6852
714	6347
715	1239
2764	3409
2764	4739
719	790
719	3336
6870	6870
7973	7973
3366	3366
745	1913
745	3561
6900	6900
760	1853
760	2494
762	1326
763	3561
764	1759
766	3300
766	6813
6912	6912
2820	2820
2820	6453
6922	7018
2828	2914
2828	3561
2828	4200
2828	5097
2828	5413
786	1213
786	1800
786	1849
786	4589
786	5459
786	6453
6949	6949
5687	5687
2860	4005
2860	5516
814	815
814	3602
814	7189
816	816
816	3602
816	5688
816	5765
816	6241
816	6407
816	7788
2871	2871
2871	3257
2871	6805
2874	4000
6847	6847
4926	4926
4926	7018
3301	3307
3957	3957
6983	6983
6993	6993
2899	2899
2899	3561
852	852
852	1691
852	3359
852	6638
852	10482
2905	2914
2907	4730
2907	5646
4958	6113
2911	3561
144	701
2914	2914
2914	2917
2914	3130
2914	3257
2914	3320
2914	3356
2914	3407
2914	3491
2914	3549
2914	3557
2914	3561
2914	3582
2914	3701
2914	3720
2914	3847
2914	3932
2914	3951
2914	3967
2914	3976
2914	4000
2914	4006
2914	4058
2914	4183
2914	4222
2914	4436
2914	4527
2914	4540
2914	4544
2914	4565
2914	4694
2914	4969
2914	5000
2914	5089
2914	5378
2914	5388
2914	5413
2914	5462
2914	5646
2914	5669
2914	5683
2914	5693
2914	5696
2914	5798
2914	6066
2914	6079
2914	6113
2914	6172
2914	6188
2914	6248
2914	6259
2914	6261
2914	6320
2914	6461
2914	6467
2914	6660
2914	6716
2914	6939
2914	7170
2914	7374
2914	7922
2915	4696
2917	2917
2917	5459
7016	7016
4969	4969
4969	5000
4969	5413
7018	7178
7018	7303
7018	10384
4982	5687
7037	7283
5000	5000
5000	5413
5003	5003
5006	5006
5006	7792
5006	7973
4589	5459
7066	10357
1916	3561
2052	2052
2052	8114
6306	7927
5074	7018
5076	5076
5076	6347
5089	5089
5089	5459
5097	5650
5097	5696
10399	10399
5109	6467
3064	6467
2900	2900
2900	3588
2900	3847
2900	5696
6997	6997
6997	7189
3081	3561
7178	7178
7189	7189
6661	8284
513	789
513	3561
5641	7055
3128	3152
3132	3132
3132	3561
1888	1890
6327	6327
6327	6463
6327	10482
1103	1104
1103	1888
1103	3333
1103	5583
1103	5590
1113	1853
1114	1853
7260	7260
7260	7820
7260	8011
1119	1853
3447	3447
3447	3561
7015	7015
7015	7922
5650	6188
1136	1136
1136	3300
1136	5399
1136	8209
6619	6619
7283	7283
4130	5050
7303	7303
3215	3215
3215	4000
3215	5436
3215	5511
3215	6727
3220	5378
6684	8217
3242	8217
3248	3248
3248	6873
3249	6453
6996	6996
3257	4269
3257	5401
3257	5413
3257	5427
3257	5459
3257	5539
3257	5549
3257	6453
3257	6754
3257	6805
3257	6847
3257	6859
3257	6900
3259	3491
1213	1755
1213	3561
1220	6113
1221	1221
1221	2687
1221	2764
1221	3561
1221	4433
1221	4736
1221	4739
1221	4740
1221	4742
1221	4763
1221	5727
1221	6453
1221	6553
1221	6992
1221	7474
1221	7567
1224	1225
1225	2548
1225	3561
1225	3676
1226	3561
1237	3561
3286	3286
3286	5459
1239	1673
1239	1706
1239	1740
1239	1760
1239	1767
1239	1785
1239	1798
1239	1800
1239	1830
1239	1852
1239	1982
1239	2041
1239	2044
1239	2150
1239	2277
1239	2379
1239	2497
1239	2516
1239	2548
1239	2551
1239	2572
1239	2685
1239	2828
1239	2899
1239	2900
1239	2902
1239	2907
1239	2914
1239	2933
1239	3064
1239	3320
1239	3356
1239	3366
1239	3384
1239	3404
1239	3407
1239	3447
1239	3450
1239	3463
1239	3491
1239	3502
1239	3505
1239	3554
1239	3561
1239	3563
1239	3566
1239	3578
1239	3593
1239	3602
1239	3614
1239	3734
1239	3739
1239	3742
1239	3749
1239	3751
1239	3768
1239	3789
1239	3803
1239	3831
1239	3847
1239	3850
1239	3851
1239	3857
1239	3912
1239	3932
1239	3951
1239	4000
1239	4005
1239	4006
1239	4134
1239	4181
1239	4200
1239	4231
1239	4258
1239	4327
1239	4358
1239	4513
1239	4544
1239	4565
1239	4583
1239	4587
1239	4908
1239	4969
1239	4979
1239	4983
1239	4999
1239	5006
1239	5071
1239	5109
1239	5511
1239	5646
1239	5650
1239	5683
1239	5693
1239	5696
1239	5705
1239	5714
1239	5738
1239	5769
1239	5778
1239	6062
1239	6065
1239	6081
1239	6082
1239	6095
1239	6113
1239	6128
1239	6140
1239	6161
1239	6172
1239	6181
1239	6201
1239	6248
1239	6254
1239	6302
1239	6325
1239	6334
1239	6347
1239	6372
1239	6413
1239	6427
1239	6453
1239	6459
1239	6461
1239	6463
1239	6494
1239	6499
1239	6553
1239	6597
1239	6922
1239	6983
1239	6992
1239	6993
1239	6997
1239	7037
1239	7066
1239	7115
1239	7189
1239	7228
1239	7258
1239	7358
1239	7748
1239	7876
1239	7888
1239	8015
1239	8043
1239	10384
1239	10399
1239	10430
1239	10440
1239	10609
1241	1755
1241	3561
3292	3561
3292	5556
3292	6834
1248	1741
3302	3302
3302	3303
3303	3303
3303	5398
3303	6730
3303	6772
3303	6776
1257	1755
1257	1800
1257	2120
1257	5413
1257	6762
1257	8210
3307	3307
3307	3308
4270	4270
4270	4926
4270	7303
4648	4648
1267	1267
1267	3302
1267	4005
1267	5396
3316	5568
1270	3257
3320	5459
3320	5483
3320	5517
3320	8196
3320	8303
3320	8422
1273	1755
1273	1849
1273	2861
1273	3257
1273	5459
1273	5517
1273	5539
1273	5549
1273	6553
1273	6805
1273	8309
1273	8379
1273	8397
1275	1275
1275	2683
1275	3561
1275	5520
1280	1740
1280	2041
1280	2914
1280	3366
1280	3563
1280	3847
1280	4200
1280	4565
1280	5696
1280	6172
1280	7922
5377	5378
5377	5620
5377	6668
3330	3330
3330	6873
4651	4774
4310	4310
3335	5568
3336	3336
3336	4000
3336	5378
1290	1755
1290	1849
1290	5459
1290	8355
111	145
5388	5388
5388	5459
5388	5564
5388	6859
5388	7176
3344	5459
3344	6320
5394	6664
1299	1299
1299	1849
1299	2914
1299	3300
1299	3301
1299	3302
1299	3307
1299	3308
1299	3491
1299	5413
1299	5459
1299	6793
5396	5396
5396	6684
5398	6719
3352	6813
3354	3354
3354	6922
5403	6873
3356	3561
3356	3847
8001	8001
1312	7066
5409	5409
5409	8319
5413	5413
5413	5459
5413	5519
5413	5556
5413	5646
5413	5696
5413	6079
5413	6259
5413	6261
5413	6461
5413	6660
5413	7922
5413	8210
4657	7473
3368	3368
3368	3561
1322	1673
1322	3905
1323	1673
1323	3789
1323	4373
1323	4583
1323	5646
1324	1660
1324	1673
1324	1698
1325	1673
1325	1757
1325	4373
1326	1660
1326	1673
1327	1673
1327	6629
1327	7301
1329	1673
1330	1673
5427	5427
5430	5539
5430	8469
1335	1673
3384	3384
3384	4148
5500	5564
5436	5436
5436	6689
1342	1759
5441	5444
8160	8160
3404	3404
3404	3561
3407	3561
3407	5413
3409	3409
5459	5462
5459	5519
5459	5551
5459	5557
5459	5571
5459	5607
5459	5621
5459	5669
5459	6067
5459	6745
5459	6765
5459	7148
5459	8220
5459	8297
6373	6373
3429	4729
5483	5483
5484	8211
8366	8366
5490	5490
3305	3305
3305	5594
3462	3462
3462	7018
4673	4673
3464	3464
3464	3561
3464	6388
3464	8062
3464	8063
3491	3549
3491	3561
3491	3932
3491	4198
3491	4589
3491	4637
3491	4969
3491	5378
3491	5413
3491	5427
3491	5557
3491	5641
3491	6079
3491	6261
3491	6319
3491	6660
3491	6705
10482	10482
3502	3561
5551	5683
5551	8406
3505	3505
3505	6113
5556	6670
5556	8210
6730	6776
6664	6684
6664	6762
6664	6882
5583	8211
5583	8251
6187	7460
7637	7637
3549	5413
3549	5738
3549	7837
3549	8001
3554	3554
3554	6203
3554	6467
3557	6461
5607	6453
5607	6727
5607	6763
3561	3563
3561	3588
3561	3599
3561	3614
3561	3662
3561	3700
3561	3720
3561	3742
3561	3758
3561	3768
3561	3786
3561	3831
3561	3847
3561	3912
3561	3931
3561	3932
3561	3951
3561	3967
3561	4006
3561	4134
3561	4136
3561	4181
3561	4183
3561	4200
3561	4230
3561	4243
3561	4279
3561	4286
3561	4293
3561	4314
3561	4364
3561	4373
3561	4374
3561	4433
3561	4436
3561	4459
3561	4513
3561	4540
3561	4544
3561	4565
3561	4583
3561	4609
3561	4637
3561	4651
3561	4673
3561	4680
3561	4694
3561	4722
3561	4755
3561	4761
3561	4768
3561	4908
3561	4926
3561	5000
3561	5006
3561	5049
3561	5050
3561	5056
3561	5078
3561	5384
3561	5388
3561	5391
3561	5400
3561	5466
3561	5483
3561	5556
3561	5603
3561	5646
3561	5650
3561	5651
3561	5683
3561	5696
3561	5738
3561	5743
3561	5774
3561	6057
3561	6065
3561	6081
3561	6086
3561	6095
3561	6112
3561	6113
3561	6128
3561	6130
3561	6140
3561	6163
3561	6167
3561	6172
3561	6195
3561	6203
3561	6225
3561	6243
3561	6245
3561	6250
3561	6263
3561	6289
3561	6302
3561	6306
3561	6327
3561	6334
3561	6347
3561	6354
3561	6394
3561	6423
3561	6437
3561	6453
3561	6461
3561	6467
3561	6482
3561	6488
3561	6501
3561	6503
3561	6507
3561	6534
3561	6553
3561	6554
3561	6582
3561	6600
3561	6730
3561	6745
3561	6774
3561	6799
3561	6813
3561	6900
3561	6949
3561	6992
3561	6993
3561	6994
3561	7015
3561	7037
3561	7122
3561	7127
3561	7148
3561	7151
3561	7178
3561	7194
3561	7212
3561	7253
3561	7258
3561	7283
3561	7303
3561	7358
3561	7726
3561	7748
3561	7757
3561	8000
3561	8043
3561	8070
3561	8079
3561	8156
3561	8188
3561	8228
3561	10680
3566	3566
3566	7260
5622	5622
5622	6719
7757	7757
7757	7922
5625	8264
3578	5651
3582	3701
3328	5459
3328	6716
5378	5378
5378	5413
5378	5459
5378	5696
5378	6553
5378	6660
5378	6716
5378	8366
5646	5646
5646	6200
5646	6259
5646	6349
5646	6392
5646	6402
5646	6716
5646	7189
5646	7820
3602	3602
3602	4143
3602	4509
3602	5688
3602	5755
3602	6327
3602	6401
5651	5651
1559	1913
3608	7563
1562	1913
1564	1913
3614	3614
3615	5466
3803	3803
3803	6082
6065	6332
3632	6503
5683	5683
5683	6079
5683	6448
5683	6830
5683	7055
5683	7349
5683	7474
5683	8271
7734	7734
5688	5688
703	3758
703	7474
703	7586
5645	5645
5645	8043
5693	5693
5696	6062
5696	6113
5696	6322
5696	6427
5696	7359
5696	7820
3661	3662
3662	4158
3662	4605
3662	4616
3662	4637
5713	6089
5049	5049
3676	3676
5727	5727
5727	6619
5727	7018
5727	7473
5730	7018
5737	6924
5738	5738
7792	7792
3701	4201
3701	4222
3701	7396
1667	1673
1667	6805
278	278
278	3561
278	6332
278	6503
1670	1673
3720	3847
3720	4200
1673	1674
1673	1675
1673	1677
1673	1695
1673	1740
1673	1746
1673	1800
1673	2041
1673	2056
1673	2548
1673	2551
1673	2685
1673	3356
1673	3407
1673	3491
1673	3561
1673	3951
1673	3967
1673	4000
1673	4006
1673	4136
1673	4183
1673	4200
1673	4436
1673	4540
1673	4544
1673	4565
1673	6113
1673	6172
1675	6427
6765	6765
6765	6847
1680	1680
1680	3561
5400	5484
5400	6670
5400	6684
5400	6689
5400	6774
5400	6870
3734	3734
3734	6461
3737	4231
1691	1691
1691	3561
1691	7189
3741	3741
3741	4005
3741	7018
3749	3749
3749	7212
5798	5798
3751	3751
3758	3758
3758	7473
3262	3262
3262	3352
3262	4000
1717	5511
3768	5622
1653	2603
1653	2834
1653	2836
1653	5378
3360	5641
3786	6068
3786	7561
1740	1800
1740	2041
1740	2497
1740	2548
1740	2551
1740	2568
1740	2828
1740	2914
1740	3320
1740	3356
1740	3549
1740	3561
1740	3847
1740	3951
1740	3967
1740	4000
1740	4006
1740	4183
1740	4200
1740	4269
1740	4374
1740	4540
1740	4694
1740	5000
1740	5462
1740	5646
1740	5683
1740	5696
1740	6066
1740	6172
1740	6188
1740	6354
1740	7127
1740	7377
1741	2603
1741	3221
1741	3343
1742	7018
1746	1746
1746	2914
1746	3561
1746	5413
1746	5646
3799	3799
1755	1755
1755	1759
1755	1800
1755	1853
1755	1880
1755	1887
1755	1902
1755	2108
1755	2529
1755	2874
1755	3215
1755	3248
1755	3259
1755	3278
1755	3300
1755	3303
1755	3330
1755	3333
1755	4000
1755	4269
1755	5388
1755	5400
1755	5403
1755	5413
1755	5417
1755	5424
1755	5435
1755	5462
1755	5549
1755	5595
1755	5669
1755	5683
1755	6664
1755	6705
1755	6745
1755	6774
1755	6830
1755	8210
1755	8220
1755	8228
1755	8379
1755	8434
1759	1800
1759	2380
1759	2603
1759	3249
1759	5413
1759	5469
1759	5590
1759	6747
1761	6922
1761	7276
1767	1767
1767	3561
3817	3956
3817	8043
3819	8043
3820	3957
2685	2686
2685	2687
2685	2914
2685	3079
2685	3561
2685	4926
2685	5378
2685	5413
2685	5673
2685	5674
2685	5675
2685	5676
2685	5677
2685	5678
2685	6197
2685	6198
2685	6380
2685	6381
2685	6382
2685	6383
2685	6384
2685	6385
2685	6386
2685	6387
2685	6388
2685	7892
2685	7893
2685	7894
2685	8060
2685	8062
2685	8063
3831	3831
3831	5003
1784	6082
4151	6582
3333	5462
3333	5583
3333	6905
3333	8209
1798	3701
3847	3857
3847	4000
3847	4200
3847	4436
3847	4540
3847	5413
3847	5646
3847	5693
3847	6113
3847	6172
3847	6201
3847	6248
3847	6259
3847	6467
3847	7170
3847	8001
1800	1880
1800	2548
1800	2603
1800	2874
1800	3132
1800	3336
1800	3561
2856	3561
2856	3608
2856	5400
2856	5459
2856	5607
2856	6779
2856	6870
2856	8366
3857	3857
3857	8011
4134	4134
4134	4808
4134	5727
5763	5763
1785	3628
1785	4017
1785	8263
5765	5765
1830	6553
7473	7473
1835	2603
1835	3240
3378	3561
1840	3632
2697	4755
1849	2529
1849	2686
1849	2856
1849	3257
1849	3286
1849	3328
1849	3344
1849	4000
1849	4589
1849	5089
1849	5378
1849	5388
1849	5459
1849	5462
1849	5519
1849	5551
1849	5557
1849	5571
1849	5621
1849	5622
1849	5669
1849	6765
1850	2603
1850	6453
1852	6106
1852	6192
1853	1853
1853	2036
1853	2548
1853	6720
3905	6332
3343	5568
1334	1673
1334	2901
1334	3912
5432	6774
3932	3932
3932	4969
3932	5378
1887	2548
1887	2603
1887	5413
1887	8267
1890	1890
1890	2686
1890	3333
1890	5400
1890	5417
1890	5583
1890	5590
1901	6720
1901	8387
3951	5413
3951	6350
3951	7021
3951	7192
3951	7228
3951	8016
3951	8114
8048	8048
1906	3561
4755	4755
4755	6453
4755	6762
3405	3561
1913	1913
3967	3967
3967	5413
3967	5696
3967	6347
3967	6942
3269	6664
2027	4005
3976	4774
7148	7148
1930	3561
1930	5378
1930	5400
1930	6813
3463	3847
3463	6373
3463	6488
3999	5050
4000	4000
4000	4005
4000	5089
4000	5459
4000	5564
4000	5583
4000	6187
4000	6719
4000	6779
4000	6852
4000	6873
4000	6897
4000	7927
4000	8284
815	816
815	6327
815	6638
4200	4258
4200	4436
4200	4527
4200	5413
4200	5557
4200	5696
4200	5714
4200	6062
4200	6320
4200	6371
4200	6392
4200	6467
4200	8180
4200	10621
3739	3739
3739	5324
4005	4230
4005	6412
4005	6696
4006	5413
4006	6283
4010	7037
6062	6062
6064	6064
6064	6467
6064	6503
3742	4258
3742	5687
8180	8180
4780	4780
4780	7018
3300	3302
3300	3303
3300	3304
3300	3305
3300	3352
3300	5378
3300	5466
3300	5556
3300	5610
3300	6799
1982	3561
6437	6437
6082	6245
6083	6187
1998	5006
2008	4637
4058	6461
2011	3561
2012	6668
2015	2015
2015	6259
2015	6347
6112	6112
6112	6983
6113	6197
6113	6198
6113	6335
6113	6373
6113	6380
6113	6381
6113	6382
6113	6383
6113	6384
6113	6385
6113	6386
6113	6387
6113	6388
6113	6912
6113	7892
6113	7893
6113	7894
6113	8060
6113	8062
6113	8063
2018	3741
2024	6172
2044	2044
2044	3561
2044	4982
6128	6128
2033	2033
2033	3561
2033	4459
2041	2276
2041	2568
2041	3384
2041	3561
2041	3789
2041	4327
2041	5413
2041	6082
2041	6086
2041	6243
2041	6939
2041	10475
2042	2042
2042	3561
2042	4774
2042	5727
2042	6453
7474	7474
7474	7476
7474	7569
7474	7570
7474	7571
7474	7572
7474	7573
