# Undirected graph (each unordered pair of nodes is saved once): results/snap/oregon-2DCS_GREEDY/oregon2.7.txt
# Minimal graph fromresults/snap/oregon2DCS_GREEDY.txt
# Nodes: 140 Edges: 3105
# NodeId	NodeId
6395	6453
6395	6461
6395	6730
6395	7018
6395	8918
6395	13646
6453	6461
6453	6730
6453	7018
6453	8297
6453	12956
6461	6667
6461	6705
6461	6728
6461	6730
6461	6735
6461	6774
6461	6779
6461	6805
6461	6830
6461	6847
6461	7018
6461	7176
6461	7473
6461	8068
6461	8196
6461	8209
6461	8210
6461	8220
6461	8251
6461	8272
6461	8297
6461	8327
6461	8379
6461	8397
6461	8406
6461	8426
6461	8472
6461	8477
6461	8483
6461	8553
6461	8582
6461	8586
6461	8608
6461	8709
6461	8743
6461	8785
6461	8851
6461	8918
6461	8938
6461	8954
6461	9013
6461	9057
6461	9109
6461	9191
6461	10530
6461	12390
6461	12573
6461	12606
6461	12621
6461	12634
6461	12781
6461	12859
6461	12868
6461	12909
6461	13127
6461	13129
6461	13197
6461	13237
6461	13285
6461	13646
6730	6735
6730	6774
6730	6805
6730	6830
6730	6847
6730	7176
6730	7473
6730	8196
6730	8210
6730	8220
6730	8251
6730	8379
6730	8406
6730	8426
6730	8472
6730	8477
6730	8553
6730	8582
6730	8586
6730	8709
6730	8743
6730	8785
6730	8851
6730	8918
6730	8938
6730	8954
6730	9013
6730	9057
6730	9109
6730	9191
6730	9193
6730	12390
6730	12573
6730	12606
6730	12621
6730	12634
6730	12781
6730	12859
6730	12909
6730	13127
6730	13129
6730	13197
6730	13237
6730	13285
6730	13646
6730	15703
6730	15879
8918	8938
8918	8954
8918	9013
8918	9057
8918	9109
8918	9193
8918	10530
8918	12573
8918	12634
8918	12859
8918	12909
8918	12956
8918	13129
8918	13285
13646	15879
6667	6735
6667	8210
6667	8220
6667	8327
6667	8397
6667	8472
6667	8477
6667	8582
6667	8586
6667	8743
6667	8918
6667	8938
6667	9013
6667	9109
6667	12606
6667	12621
6667	12859
6667	13129
6667	13197
6667	13237
6667	13285
6667	15879
6705	6730
6705	6735
6705	8196
6705	8210
6705	8220
6705	8397
6705	8472
6705	8477
6705	8582
6705	8586
6705	8709
6705	8918
6705	8938
6705	9013
6705	9057
6705	9109
6705	12606
6705	12859
6705	13129
6705	13197
6705	13237
6728	6730
6728	6735
6728	8196
6728	8210
6728	8220
6728	8297
6728	8472
6728	8477
6728	8582
6728	8586
6728	8709
6728	8743
6728	8918
6728	9013
6728	9057
6728	9109
6728	9191
6728	12606
6728	12621
6728	12859
6728	13129
6728	13197
6728	13237
6728	13285
6728	13646
6728	15879
6735	6805
6735	7176
6735	8196
6735	8210
6735	8220
6735	8379
6735	8397
6735	8472
6735	8477
6735	8709
6735	8938
6735	9057
6735	9109
6735	12868
6735	13129
6735	13237
6735	13646
6774	7473
6774	8210
6774	8220
6774	8582
6774	8586
6774	8918
6774	8938
6774	9013
6774	9057
6774	9109
6774	12621
6774	12859
6774	13285
6774	15879
6779	8210
6779	8220
6779	8586
6779	8743
6779	8918
6779	9109
6779	12621
6779	13129
6779	13285
6805	8210
6805	8220
6805	8327
6805	8397
6805	8472
6805	8477
6805	8582
6805	8586
6805	8743
6805	8918
6805	8938
6805	9013
6805	9109
6805	12573
6805	12606
6805	12621
6805	12859
6805	13129
6805	13237
6805	13285
6830	8209
6830	8210
6830	8220
6830	8297
6830	8327
6830	8472
6830	8582
6830	8586
6830	8709
6830	8743
6830	8918
6830	8938
6830	9013
6830	9057
6830	9109
6830	12573
6830	12606
6830	12621
6830	12859
6830	13129
6830	13197
6830	13285
6830	13646
6830	15879
6847	8210
6847	8220
6847	8586
6847	8743
6847	8918
6847	9057
6847	9109
6847	12621
6847	13129
6847	13285
7176	8210
7176	8220
7176	8297
7176	8582
7176	8586
7176	8709
7176	8918
7176	8938
7176	9057
7176	12390
7176	12606
7176	12621
7176	12859
7176	13197
7176	13285
7473	8210
7473	8220
7473	8586
7473	8918
7473	8938
7473	9057
7473	10530
7473	12621
7473	13129
7473	13285
8068	8220
8068	8472
8068	8586
8068	8918
8068	8938
8068	12621
8068	13285
8196	8210
8196	8220
8196	8379
8196	8397
8196	8472
8196	8477
8196	8709
8196	9109
8196	13129
8196	13646
8209	8210
8209	8220
8209	8582
8209	8586
8209	8709
8209	8918
8209	9013
8209	9057
8209	12606
8209	12859
8209	13197
8209	15879
8210	8220
8210	8251
8210	8272
8210	8297
8210	8327
8210	8379
8210	8397
8210	8406
8210	8426
8210	8472
8210	8477
8210	8483
8210	8553
8210	8582
8210	8586
8210	8608
8210	8709
8210	8743
8210	8785
8210	8851
8210	8918
8210	8938
8210	8954
8210	9013
8210	9057
8210	9109
8210	9191
8210	9193
8210	10530
8210	12390
8210	12573
8210	12606
8210	12621
8210	12634
8210	12781
8210	12859
8210	12868
8210	12909
8210	12956
8210	13127
8210	13129
8210	13197
8210	13285
8210	13646
8210	15703
8210	15879
8220	8251
8220	8272
8220	8297
8220	8327
8220	8379
8220	8397
8220	8406
8220	8426
8220	8472
8220	8477
8220	8483
8220	8553
8220	8582
8220	8586
8220	8608
8220	8709
8220	8737
8220	8743
8220	8785
8220	8851
8220	8918
8220	8938
8220	8954
8220	9013
8220	9057
8220	9109
8220	9191
8220	9193
8220	10530
8220	12390
8220	12394
8220	12573
8220	12606
8220	12621
8220	12634
8220	12859
8220	12868
8220	12909
8220	12956
8220	13127
8220	13129
8220	13197
8220	13285
8220	13646
8220	15879
8251	8582
8251	8586
8251	8918
8251	9013
8251	9057
8251	9109
8251	12573
8251	12606
8251	12859
8251	15879
8272	8297
8272	8472
8272	8586
8272	8743
8272	9057
8272	9109
8272	12621
8272	13129
8272	13285
8297	8397
8297	8406
8297	8426
8297	8472
8297	8582
8297	8709
8297	9057
8297	9109
8297	9193
8297	12909
8297	12956
8297	13127
8297	13285
8327	8918
8327	9057
8327	9109
8327	13129
8327	13646
8379	8397
8379	8472
8379	8477
8379	8938
8379	9057
8379	9109
8379	13129
8379	13237
8397	8472
8397	8477
8397	8709
8397	12868
8397	13129
8397	13237
8406	8472
8406	8586
8406	8743
8406	8918
8406	9109
8406	12621
8406	13129
8406	13285
8426	8586
8426	8743
8426	8918
8426	9057
8426	9109
8426	12621
8426	13129
8426	13285
8472	8477
8472	8553
8472	8582
8472	8586
8472	8709
8472	8743
8472	8851
8472	8918
8472	8938
8472	9057
8472	9109
8472	9191
8472	12390
8472	12621
8472	12781
8472	12868
8472	12909
8472	12956
8472	13127
8472	13129
8472	13237
8472	13285
8472	13646
8477	8709
8477	9109
8477	12868
8477	13129
8477	13237
8483	8582
8483	8586
8483	8918
8483	9013
8483	12573
8483	12606
8483	12859
8553	8586
8553	8743
8553	8918
8553	9057
8553	9109
8553	12621
8553	13129
8553	13285
8582	8586
8582	8608
8582	8709
8582	8737
8582	8743
8582	8918
8582	8954
8582	9013
8582	9057
8582	9109
8582	9193
8582	12394
8582	12573
8582	12606
8582	12621
8582	12634
8582	12781
8582	12859
8582	12868
8582	13127
8582	13129
8582	13197
8582	13285
8582	13646
8582	15703
8582	15879
8586	8608
8586	8709
8586	8737
8586	8743
8586	8785
8586	8851
8586	8918
8586	8954
8586	9013
8586	9057
8586	9109
8586	9191
8586	9193
8586	10530
8586	12390
8586	12394
8586	12573
8586	12606
8586	12621
8586	12634
8586	12781
8586	12859
8586	12868
8586	12909
8586	12956
8586	13127
8586	13129
8586	13197
8586	13285
8586	13646
8586	15703
8586	15879
8608	8918
8608	8938
8608	9013
8608	9109
8608	12606
8608	12859
8608	13197
8709	8743
8709	8785
8709	8918
8709	8938
8709	9013
8709	9057
8709	9109
8709	9193
8709	12606
8709	12621
8709	12859
8709	13127
8709	13129
8709	13197
8709	13285
8743	8785
8743	8851
8743	9057
8743	9109
8743	9191
8743	12621
8743	12781
8743	12868
8743	12909
8743	13127
8743	13129
8743	13285
8743	13646
8785	8918
8785	9057
8785	9109
8785	13129
8785	13285
8851	9057
8851	9109
8851	12621
8851	13129
8851	13285
8938	9057
8938	9193
8938	12394
8938	12621
8938	12634
8938	12868
8938	12956
8938	13127
8938	13129
8938	13646
8954	9013
8954	9109
8954	12573
8954	12606
8954	12859
8954	13197
8954	15879
9013	9109
9013	9193
9013	12394
9013	12573
9013	12606
9013	12634
9013	12781
9013	12859
9013	13127
9013	13197
9013	13646
9013	15703
9013	15879
9057	9109
9057	9191
9057	10530
9057	12394
9057	12606
9057	12621
9057	12634
9057	12859
9057	12909
9057	13127
9057	13129
9057	13197
9057	13237
9057	13285
9057	15703
9057	15879
9109	9191
9109	9193
9109	10530
9109	12390
9109	12573
9109	12606
9109	12621
9109	12634
9109	12781
9109	12859
9109	12868
9109	12909
9109	12956
9109	13129
9109	13197
9109	13237
9109	13285
9109	13646
9109	15703
9109	15879
10530	12621
10530	13129
10530	13285
12390	12621
12390	13129
12390	13285
12573	12606
12573	12634
12573	12781
12573	12859
12573	12868
12573	13197
12573	15703
12573	15879
12606	12634
12606	12781
12606	12859
12606	13127
12606	13197
12606	13646
12606	15703
12606	15879
12621	12781
12621	12868
12621	12909
12621	12956
12621	13127
12621	13129
12621	13285
12621	13646
12634	12859
12634	13197
12634	15879
12781	12859
12781	13129
12781	13197
12781	13285
12859	13127
12859	13197
12859	13646
12859	15703
12859	15879
12868	13285
12909	13129
12909	13285
13127	13129
13127	13197
13127	13285
13127	15879
13129	13285
13129	13646
13197	13646
13197	15703
13197	15879
13285	13646
9191	12621
9191	13129
9191	13285
13237	13646
3549	3561
3549	3967
3549	4513
3549	5089
3549	5378
3549	5409
3549	5430
3549	5459
3549	5511
3549	5604
3549	5607
3549	6395
3549	6453
3549	6461
3549	6728
3549	6730
3549	7018
3549	7176
3549	7473
3549	8220
3549	8297
3549	8327
3549	8586
3549	8709
3549	8851
3549	8918
3549	8938
3549	9057
3549	12606
3549	12781
3549	12956
3549	13129
3549	13646
3561	3967
3561	4513
3561	5378
3561	5400
3561	5459
3561	5466
3561	5511
3561	5551
3561	5594
3561	6461
3561	6730
3561	6805
3561	7018
3561	8210
3561	8297
3561	12573
3561	13646
3967	4513
3967	5462
3967	5511
3967	5669
3967	6395
3967	6453
3967	6461
3967	6730
3967	7018
3967	8220
3967	8709
3967	8918
3967	10530
3967	13646
4513	5089
4513	5378
4513	5388
4513	5390
4513	5399
4513	5400
4513	5409
4513	5413
4513	5417
4513	5419
4513	5430
4513	5459
4513	5462
4513	5466
4513	5496
4513	5511
4513	5551
4513	5571
4513	5583
4513	5590
4513	5594
4513	5597
4513	5604
4513	5607
4513	5611
4513	5615
4513	5631
4513	5669
4513	6067
4513	6395
4513	6461
4513	6667
4513	6705
4513	6728
4513	6730
4513	6735
4513	6774
4513	6779
4513	6805
4513	6830
4513	6847
4513	7018
4513	7176
4513	7473
4513	8068
4513	8196
4513	8209
4513	8210
4513	8220
4513	8251
4513	8272
4513	8327
4513	8379
4513	8397
4513	8406
4513	8472
4513	8477
4513	8483
4513	8553
4513	8582
4513	8586
4513	8608
4513	8709
4513	8737
4513	8743
4513	8785
4513	8851
4513	8918
4513	8938
4513	8954
4513	9013
4513	9057
4513	9109
4513	9191
4513	9193
4513	10530
4513	12390
4513	12394
4513	12573
4513	12606
4513	12621
4513	12634
4513	12781
4513	12859
4513	12868
4513	12909
4513	12956
4513	13127
4513	13129
4513	13197
4513	13237
4513	13285
4513	13646
4513	15703
4513	15879
5089	5388
5089	5413
5089	5430
5089	5459
5089	5604
5089	5607
5089	6461
5089	6730
5089	7018
5089	8210
5089	8220
5089	8297
5089	8472
5089	8709
5089	9057
5089	13285
5378	5388
5378	5390
5378	5399
5378	5400
5378	5413
5378	5417
5378	5430
5378	5459
5378	5551
5378	5590
5378	5594
5378	5597
5378	5607
5378	5615
5378	5669
5378	6461
5378	6667
5378	6728
5378	6735
5378	6774
5378	6779
5378	6805
5378	6830
5378	6847
5378	7176
5378	8196
5378	8209
5378	8210
5378	8220
5378	8251
5378	8297
5378	8327
5378	8397
5378	8477
5378	8483
5378	8582
5378	8608
5378	8709
5378	8737
5378	8918
5378	9057
5378	9193
5378	12394
5378	12573
5378	13129
5388	5390
5388	5417
5388	5430
5388	5459
5388	5462
5388	5551
5388	5594
5388	5604
5388	5607
5388	5611
5388	6067
5388	6461
5388	6728
5388	6730
5388	6779
5388	6847
5388	8068
5388	8220
5388	8272
5388	8297
5388	8406
5388	8426
5388	8472
5388	8582
5388	8586
5388	8709
5388	8743
5388	8785
5388	8851
5388	8938
5388	9057
5388	12390
5388	12621
5388	13285
5400	5413
5400	5417
5400	5430
5400	5459
5400	5511
5400	6461
5400	6730
5400	7018
5400	8210
5400	8220
5400	8297
5400	8472
5400	8582
5400	8709
5400	8918
5400	8938
5400	9057
5430	5459
5430	5462
5430	5466
5430	5496
5430	5511
5430	5571
5430	5594
5430	5604
5430	5607
5430	5611
5430	5631
5430	5669
5430	6067
5430	6453
5430	6461
5430	6667
5430	6705
5430	6728
5430	6730
5430	6735
5430	6774
5430	6779
5430	6805
5430	6830
5430	6847
5430	7176
5430	7473
5430	8196
5430	8210
5430	8220
5430	8272
5430	8297
5430	8379
5430	8397
5430	8406
5430	8426
5430	8472
5430	8477
5430	8553
5430	8582
5430	8586
5430	8709
5430	8743
5430	8785
5430	8851
5430	8918
5430	8938
5430	9057
5430	9109
5430	9191
5430	9193
5430	10530
5430	12390
5430	12621
5430	12781
5430	12909
5430	13127
5430	13129
5430	13237
5430	13285
5430	13646
5459	5462
5459	5466
5459	5496
5459	5511
5459	5551
5459	5571
5459	5594
5459	5604
5459	5607
5459	5611
5459	5631
5459	5669
5459	6067
5459	6461
5459	6667
5459	6728
5459	6730
5459	6774
5459	6779
5459	6805
5459	6830
5459	6847
5459	7176
5459	7473
5459	8068
5459	8210
5459	8220
5459	8272
5459	8297
5459	8406
5459	8426
5459	8472
5459	8553
5459	8582
5459	8586
5459	8709
5459	8743
5459	8785
5459	8851
5459	8918
5459	8938
5459	9057
5459	9109
5459	9191
5459	9193
5459	10530
5459	12390
5459	12621
5459	12781
5459	12868
5459	12909
5459	12956
5459	13127
5459	13129
5459	13285
5459	13646
5511	5583
5511	6453
5511	6461
5511	7176
5511	7473
5511	8068
5511	8210
5511	8220
5511	8297
5511	8709
5511	9057
5511	9193
5511	13646
5604	5607
5604	5611
5604	5631
5604	5669
5604	6067
5604	6461
5604	6667
5604	6728
5604	6730
5604	6774
5604	6779
5604	6805
5604	6830
5604	6847
5604	7176
5604	8068
5604	8210
5604	8220
5604	8272
5604	8297
5604	8406
5604	8426
5604	8472
5604	8553
5604	8582
5604	8586
5604	8709
5604	8743
5604	8785
5604	8851
5604	8918
5604	8938
5604	9057
5604	9109
5604	9193
5604	10530
5604	12390
5604	12621
5604	12956
5604	13127
5604	13129
5604	13285
5604	13646
5607	5611
5607	5631
5607	5669
5607	6067
5607	6461
5607	6667
5607	6728
5607	6730
5607	6774
5607	6779
5607	6805
5607	6830
5607	6847
5607	7176
5607	7473
5607	8068
5607	8210
5607	8220
5607	8272
5607	8406
5607	8426
5607	8472
5607	8553
5607	8582
5607	8586
5607	8709
5607	8743
5607	8785
5607	8851
5607	8918
5607	8938
5607	9057
5607	9109
5607	9191
5607	9193
5607	10530
5607	12390
5607	12621
5607	12781
5607	12868
5607	12909
5607	13127
5607	13129
5607	13285
5607	13646
5611	6461
5611	6730
5611	8210
5611	8220
5611	8297
5611	8472
5611	8586
5611	8709
5611	8743
5611	8918
5611	9109
5611	12621
5611	13129
5611	13285
12956	13285
5466	5583
5466	5597
5466	5604
5466	5607
5466	6461
5466	8210
5466	8220
5466	8582
5466	8586
5466	8938
5466	9013
5466	9057
5466	9109
5466	12573
5466	12606
5466	12621
5466	12859
5466	13197
5466	13285
5466	15879
5551	5594
5551	5604
5551	5607
5551	6461
5551	6728
5551	8210
5551	8220
5551	8297
5551	8586
5551	8709
5551	8743
5551	8918
5551	8938
5551	9057
5551	12621
5594	5604
5594	5607
5594	6461
5594	6730
5594	6735
5594	8210
5594	8220
5594	8327
5594	8397
5594	8472
5594	8477
5594	8582
5594	8586
5594	8709
5594	8743
5594	8918
5594	8938
5594	9013
5594	9057
5594	9109
5594	12621
5594	13129
5462	5597
5462	5604
5462	5607
5462	6395
5462	6461
5462	6730
5462	8210
5462	8220
5462	8297
5462	8582
5462	8586
5462	8743
5462	8918
5462	9013
5462	9057
5462	9109
5462	12573
5462	12621
5462	12859
5462	13129
5462	13197
5462	13285
5409	5413
5409	5430
5409	5459
5409	5551
5409	5604
5409	5607
5409	6461
5409	6667
5409	6730
5409	6735
5409	8196
5409	8210
5409	8220
5409	8297
5409	8397
5409	8472
5409	8477
5409	8586
5409	8709
5409	8743
5409	8938
5409	9057
5409	9109
5409	12621
5409	13129
5409	13237
5409	13285
5413	5459
5413	5462
5413	5496
5413	5551
5413	5571
5413	5594
5413	6461
5413	6667
5413	6730
5413	6805
5413	7176
5413	7473
5413	8209
5413	8210
5413	8220
5413	8251
5413	8297
5413	8582
5413	8608
5413	8709
5413	8785
5413	8938
5413	8954
5413	9057
5413	13237
5419	5462
5419	5466
5419	5496
5419	5590
5419	5594
5419	5597
5419	5615
5419	5669
5419	6461
5419	6667
5419	6705
5419	6728
5419	6730
5419	6774
5419	6805
5419	6830
5419	8209
5419	8210
5419	8220
5419	8251
5419	8483
5419	8582
5419	8586
5419	8608
5419	8709
5419	8737
5419	8918
5419	8954
5419	9013
5419	9057
5419	9193
5419	12394
5419	12573
5419	12606
5419	12634
5419	12781
5419	12859
5419	12868
5419	13127
5419	13197
5419	13646
5419	15703
5419	15879
5571	5607
5571	6461
5571	6730
5571	8210
5571	8220
5571	8297
5571	8586
5571	9057
5571	9109
5571	12621
5571	13129
5571	13285
5583	5590
5583	5597
5583	5615
5583	6667
5583	6705
5583	6728
5583	6730
5583	6830
5583	8209
5583	8210
5583	8220
5583	8251
5583	8582
5583	8586
5583	8608
5583	8709
5583	8737
5583	9057
5583	9109
5583	9193
5583	12606
5583	12634
5583	12781
5583	13127
5583	15703
5590	5597
5590	6730
5590	8210
5590	8220
5590	8582
5590	8586
5590	8709
5590	9013
5590	9057
5590	9109
5590	12606
5590	12859
5590	15879
5597	5615
5597	5631
5597	6461
5597	6667
5597	6705
5597	6728
5597	6730
5597	6774
5597	6830
5597	6847
5597	8209
5597	8210
5597	8220
5597	8251
5597	8483
5597	8553
5597	8582
5597	8586
5597	8608
5597	8709
5597	8737
5597	8918
5597	9013
5597	9057
5597	9109
5597	12573
5597	12606
5597	12621
5597	12634
5597	12781
5597	12859
5597	13127
5597	13197
5597	13646
5597	15703
5597	15879
5631	6461
5631	6730
5631	6735
5631	7176
5631	8210
5631	8220
5631	8327
5631	8397
5631	8472
5631	9057
5631	9109
5631	12621
5631	13129
5631	13237
5631	13285
5669	6461
5669	6730
5669	6735
5669	8196
5669	8210
5669	8220
5669	8327
5669	8472
5669	8483
5669	8582
5669	8586
5669	8743
5669	8918
5669	8938
5669	9013
5669	9109
5669	12573
5669	12606
5669	12621
5669	12859
5669	13129
5669	13237
5669	13285
5669	15879
12394	12573
12394	12606
12394	12859
5390	5413
5390	5417
5390	5419
5390	5430
5390	5459
5390	5511
5390	5583
5390	5597
5390	5604
5390	5607
5390	6395
5390	6453
5390	6461
5390	6730
5390	6735
5390	8196
5390	8210
5390	8220
5390	8297
5390	8397
5390	8472
5390	8477
5390	8582
5390	8586
5390	8709
5390	8743
5390	8918
5390	9013
5390	9109
5390	12606
5390	12621
5390	13129
5390	13237
5390	13285
5399	5417
5399	5419
5399	5583
5399	5597
5399	5669
5399	6461
5399	8210
5399	8220
5399	8582
5399	8586
5399	8918
5399	9013
5399	12573
5399	12606
5399	12859
5399	13197
5399	15879
5417	5419
5417	5462
5417	5466
5417	5496
5417	5583
5417	5590
5417	5597
5417	5615
5417	5669
5417	6461
5417	6667
5417	6705
5417	6728
5417	6730
5417	6774
5417	6805
5417	6830
5417	8209
5417	8210
5417	8220
5417	8251
5417	8483
5417	8582
5417	8586
5417	8608
5417	8709
5417	8737
5417	8918
5417	8938
5417	8954
5417	9013
5417	9057
5417	9109
5417	9193
5417	12394
5417	12573
5417	12606
5417	12634
5417	12781
5417	12859
5417	13127
5417	13197
5417	13646
5417	15703
5417	15879
5496	5583
5496	5604
5496	5607
5496	6461
5496	6735
5496	8196
5496	8210
5496	8220
5496	8327
5496	8397
5496	8472
5496	8477
5496	8582
5496	8586
5496	8743
5496	8918
5496	8938
5496	9013
5496	9109
5496	12606
5496	12621
5496	12859
5496	13129
5496	13197
5496	13237
5496	13285
5496	15879
5615	8220
5615	8582
5615	8586
5615	8918
5615	9013
5615	9109
5615	12573
5615	12606
5615	12859
5615	13197
5615	15879
8737	8918
8737	9013
8737	9057
8737	9109
8737	12573
8737	12606
8737	12859
8737	13197
8737	15879
9193	12606
9193	12621
9193	12859
9193	13127
9193	13197
9193	13285
9193	15879
6067	6461
6067	6847
6067	8210
6067	8220
6067	8472
6067	8586
6067	8918
6067	9057
6067	12621
6067	13129
6067	13285
15703	15879
2914	3257
2914	3292
2914	3303
2914	3320
2914	3356
2914	3549
2914	3561
2914	3967
2914	4513
2914	5089
2914	5390
2914	5413
2914	5459
2914	5462
2914	5466
2914	5511
2914	5604
2914	5607
2914	5669
2914	6395
2914	6453
2914	6461
2914	7018
2914	7473
2914	8220
2914	8582
2914	8851
2914	8918
2914	8938
2914	9193
2914	12621
2914	12909
2914	13127
2914	13285
3257	3265
3257	3292
3257	3303
3257	3320
3257	3333
3257	3344
3257	3356
3257	3549
3257	3967
3257	4513
3257	5089
3257	5378
3257	5388
3257	5390
3257	5399
3257	5400
3257	5409
3257	5413
3257	5417
3257	5430
3257	5459
3257	5462
3257	5466
3257	5496
3257	5511
3257	5551
3257	5571
3257	5590
3257	5594
3257	5604
3257	5607
3257	5611
3257	5615
3257	5669
3257	6067
3257	6395
3257	6461
3257	6667
3257	6705
3257	6728
3257	6730
3257	6735
3257	6774
3257	6779
3257	6805
3257	6830
3257	6847
3257	7018
3257	7176
3257	7473
3257	8068
3257	8196
3257	8209
3257	8210
3257	8220
3257	8251
3257	8272
3257	8327
3257	8379
3257	8397
3257	8406
3257	8426
3257	8472
3257	8477
3257	8483
3257	8582
3257	8709
3257	8743
3257	8785
3257	8851
3257	8918
3257	8938
3257	8954
3257	9013
3257	9057
3257	9109
3257	9191
3257	9193
3257	12394
3257	12573
3257	12606
3257	12621
3257	12634
3257	12868
3257	12909
3257	13127
3257	13129
3257	13285
3257	13646
3303	3333
3303	3356
3303	3549
3303	3561
3303	3967
3303	4513
3303	5378
3303	5390
3303	5399
3303	5400
3303	5409
3303	5417
3303	5459
3303	5466
3303	5551
3303	5583
3303	5594
3303	5597
3303	5604
3303	5611
3303	5631
3303	5669
3303	6461
3303	6667
3303	6705
3303	6728
3303	6730
3303	6774
3303	6830
3303	7018
3303	7473
3303	8068
3303	8209
3303	8327
3303	8406
3303	8426
3303	8477
3303	8582
3303	8586
3303	8709
3303	8785
3303	8851
3303	8918
3303	8938
3303	9057
3303	9109
3303	9191
3303	12390
3303	12621
3303	12634
3303	12859
3303	12868
3303	12909
3303	13127
3303	13197
3303	13285
3303	13646
3320	3333
3320	3356
3320	3549
3320	3967
3320	4513
3320	5413
3320	5430
3320	5459
3320	5511
3320	5551
3320	5604
3320	6453
3320	6461
3320	6730
3320	6735
3320	7018
3320	8196
3320	8210
3320	8220
3320	8297
3320	8397
3320	8472
3320	8477
3320	8918
3320	8938
3320	9057
3320	13129
3356	3549
3356	3561
3356	3967
3356	4513
3356	5462
3356	5511
3356	5669
3356	6395
3356	6453
3356	6461
3356	7018
3356	8220
3356	8918
3356	9057
3356	12956
3265	3292
3265	3320
3265	3333
3265	4513
3265	5378
3265	5388
3265	5390
3265	5399
3265	5400
3265	5417
3265	5419
3265	5462
3265	5466
3265	5496
3265	5583
3265	5590
3265	5594
3265	5597
3265	5615
3265	5669
3265	6461
3265	6667
3265	6705
3265	6730
3265	6774
3265	6805
3265	6830
3265	7176
3265	8209
3265	8210
3265	8220
3265	8251
3265	8483
3265	8582
3265	8586
3265	8608
3265	8709
3265	8737
3265	8918
3265	8954
3265	9013
3265	9057
3265	9109
3265	9193
3265	12394
3265	12573
3265	12606
3265	12781
3265	12859
3265	13127
3265	13197
3265	13646
3265	15703
3265	15879
3292	3303
3292	3320
3292	3333
3292	3344
3292	3549
3292	3561
3292	4513
3292	5089
3292	5378
3292	5388
3292	5390
3292	5399
3292	5409
3292	5413
3292	5417
3292	5419
3292	5459
3292	5462
3292	5466
3292	5496
3292	5511
3292	5551
3292	5571
3292	5583
3292	5590
3292	5594
3292	5597
3292	5604
3292	5607
3292	5611
3292	5615
3292	5631
3292	5669
3292	6067
3292	6461
3292	6667
3292	6705
3292	6728
3292	6730
3292	6774
3292	6779
3292	6805
3292	6830
3292	6847
3292	7176
3292	7473
3292	8068
3292	8209
3292	8210
3292	8220
3292	8251
3292	8272
3292	8297
3292	8406
3292	8426
3292	8472
3292	8483
3292	8553
3292	8582
3292	8586
3292	8608
3292	8709
3292	8737
3292	8743
3292	8785
3292	8851
3292	8918
3292	8938
3292	8954
3292	9013
3292	9057
3292	9109
3292	9191
3292	9193
3292	10530
3292	12390
3292	12394
3292	12573
3292	12606
3292	12621
3292	12634
3292	12781
3292	12859
3292	12868
3292	12909
3292	12956
3292	13127
3292	13197
3292	13285
3292	13646
3292	15703
3292	15879
3333	4513
3333	5378
3333	5390
3333	5399
3333	5400
3333	5413
3333	5417
3333	5462
3333	5466
3333	5496
3333	5511
3333	5583
3333	5590
3333	5597
3333	5615
3333	5669
3333	6461
3333	6667
3333	6705
3333	6728
3333	6730
3333	6774
3333	6805
3333	6830
3333	7176
3333	8209
3333	8210
3333	8220
3333	8251
3333	8483
3333	8582
3333	8586
3333	8608
3333	8737
3333	8918
3333	8938
3333	8954
3333	9013
3333	9057
3333	9109
3333	9193
3333	12394
3333	12573
3333	12606
3333	12859
3333	13127
3333	13197
3333	13646
3333	15703
3333	15879
3344	4513
3344	5388
3344	5430
3344	5459
3344	5551
3344	5604
3344	5607
3344	6461
3344	6730
3344	8210
3344	8586
3344	8743
3344	8918
3344	9057
3344	9109
3344	12621
3344	13129
3344	13285
2548	2828
2548	2914
2548	3257
2548	3292
2548	3303
2548	3320
2548	3356
2548	3549
2548	3561
2548	3967
2548	4513
2548	5390
2548	5511
2548	6395
2548	6453
2548	6461
2548	6730
2548	6805
2548	7018
2828	2914
2828	3300
2828	3303
2828	3320
2828	3356
2828	3549
2828	3561
2828	3967
2828	4513
2828	5413
2828	5511
2828	6395
2828	6453
2828	6461
2828	7018
2828	7473
3300	3303
3300	3320
3300	3333
3300	3549
3300	3561
3300	5089
3300	5400
3300	5417
3300	5496
3300	5511
3300	6461
3300	6805
3300	7176
3300	8379
3300	8397
3300	8709
3300	12868
2647	3257
2647	3265
2647	3292
2647	3303
2647	3561
2647	3967
2647	4513
2647	5417
2647	5430
2647	5583
2647	5597
2647	6461
2647	7176
2647	8196
2647	8210
2647	8220
2647	8327
2647	8477
2647	8582
2647	8586
2647	8918
2647	8938
2647	9013
2647	9057
2647	9109
2647	12573
2647	12606
2647	12859
2647	13129
2647	13197
701	702
701	1239
701	1755
701	2548
701	2647
701	2828
701	2856
701	2914
701	3257
701	3300
701	3356
701	3549
701	3561
701	3967
701	4513
701	5511
701	5594
701	6395
701	6453
701	6461
701	6730
701	6847
701	7018
701	8210
701	8918
701	8938
701	10530
701	13646
702	1103
702	1140
702	1200
702	1299
702	1755
702	2110
702	2603
702	2647
702	2818
702	3257
702	3265
702	3292
702	3300
702	3303
702	3333
702	5089
702	5378
702	5388
702	5390
702	5400
702	5413
702	5417
702	5459
702	5466
702	5496
702	5511
702	5551
702	5583
702	5607
702	6730
702	6735
702	6779
702	6805
702	6847
702	8068
702	8210
702	8220
702	8297
702	8406
702	8582
702	8709
702	8918
702	8938
702	8954
702	9013
702	9057
702	9109
702	12634
702	12781
702	12909
702	13127
702	13197
1239	1755
1239	2529
1239	2548
1239	2828
1239	2856
1239	2914
1239	3292
1239	3303
1239	3320
1239	3356
1239	3549
1239	3561
1239	3967
1239	4513
1239	5400
1239	5496
1239	5511
1239	6453
1239	6461
1239	6779
1239	7018
1239	8210
1239	8918
1239	8938
1755	2529
1755	2603
1755	2914
1755	3292
1755	3300
1755	3320
1755	3333
1755	3561
1755	3967
1755	4513
1755	5388
1755	5400
1755	5413
1755	5430
1755	5466
1755	5511
1755	5571
1755	5604
1755	5669
1755	6395
1755	6461
1755	6730
1755	6805
1755	6830
1755	8068
1755	8210
1755	8327
1755	8379
1755	8709
1755	8785
1755	8938
1755	8954
1755	9057
1755	9193
1755	12390
1755	12868
1755	12956
1755	13129
1755	13646
1755	15703
2856	3257
2856	3292
2856	3303
2856	3561
2856	4513
2856	5400
2856	5413
2856	5430
2856	5459
2856	5604
2856	5607
2856	5669
2856	6461
2856	6730
2856	7018
2856	8210
2856	8220
2856	8297
2856	8472
2856	8709
2856	8743
2856	8918
2856	8938
2856	9057
2856	13129
1103	1140
1103	1200
1103	1273
1103	2647
1103	3257
1103	3265
1103	3292
1103	3303
1103	3333
1103	4513
1103	5378
1103	5413
1103	5417
1103	5511
1103	5583
1103	5594
1103	5597
1103	8210
1103	8220
1103	8297
1103	8582
1103	8586
1103	8709
1103	8918
1103	8938
1103	9013
1103	9057
1103	12573
1103	12606
1103	12781
1103	13197
1140	1200
1140	1273
1140	2818
1140	3265
1140	3292
1140	4513
1140	5378
1140	5388
1140	5399
1140	5413
1140	5417
1140	5419
1140	5466
1140	5496
1140	5590
1140	5594
1140	5597
1140	5615
1140	6461
1140	6667
1140	6728
1140	6730
1140	6774
1140	6830
1140	8209
1140	8210
1140	8220
1140	8251
1140	8582
1140	8586
1140	8608
1140	8954
1140	9013
1140	9109
1140	9193
1140	12394
1140	12573
1140	12606
1140	12634
1140	12859
1140	12868
1140	13127
1140	13646
1140	15703
1200	1273
1200	1299
1200	1755
1200	2611
1200	2686
1200	3265
1200	3292
1200	3300
1200	3303
1200	3320
1200	3333
1200	3549
1200	5390
1200	5399
1200	5419
1200	5496
1200	5511
1200	5590
1200	5597
1200	5615
1200	5669
1200	6461
1200	6667
1200	6728
1200	6730
1200	6805
1200	6830
1200	7176
1200	8209
1200	8210
1200	8220
1200	8251
1200	8483
1200	8582
1200	8586
1200	8608
1200	8709
1200	8737
1200	8918
1200	8938
1200	8954
1200	9013
1200	9057
1200	9193
1200	12394
1200	12573
1200	12606
1200	12781
1200	12859
1200	13197
1200	13646
1200	15879
1273	1290
1273	1299
1273	1755
1273	2110
1273	2647
1273	2686
1273	2856
1273	2871
1273	3257
1273	3265
1273	3300
1273	3320
1273	3333
1273	3344
1273	3561
1273	4513
1273	5089
1273	5378
1273	5390
1273	5409
1273	5413
1273	5417
1273	5430
1273	5459
1273	5462
1273	5496
1273	5551
1273	5571
1273	5583
1273	5590
1273	5604
1273	5607
1273	6461
1273	6667
1273	6705
1273	6728
1273	6730
1273	6805
1273	6830
1273	7176
1273	7473
1273	8209
1273	8210
1273	8220
1273	8297
1273	8379
1273	8397
1273	8406
1273	8472
1273	8477
1273	8582
1273	8608
1273	8709
1273	8785
1273	8918
1273	8938
1273	8954
1273	9013
1273	9057
1273	9193
1273	13129
1273	13285
1299	1755
1299	2529
1299	2603
1299	2686
1299	3257
1299	3303
1299	3333
1299	5089
1299	5378
1299	5388
1299	5400
1299	5413
1299	5459
1299	5511
1299	5571
1299	5594
1299	5607
1299	6461
1299	6805
1299	8210
1299	8220
1299	8297
1299	8709
1299	8918
1299	8938
1299	9057
1299	12956
1299	13237
2110	2818
2110	3257
2110	3292
2110	4513
2110	5413
2110	5430
2110	5459
2110	5604
2110	5607
2110	6461
2110	8068
2110	8220
2110	8472
2110	8586
2110	8709
2110	8743
2110	8938
2110	9109
2110	12621
2110	13285
2603	2686
2603	3257
2603	4513
2603	5089
2603	5378
2603	5388
2603	5413
2603	5511
2603	6453
2603	6667
2603	6805
2603	6830
2603	7176
2603	8210
2603	8220
2603	8297
2603	8918
2818	2871
2818	2914
2818	3257
2818	3265
2818	3292
2818	3300
2818	3303
2818	3333
2818	3344
2818	3549
2818	4513
2818	5089
2818	5378
2818	5388
2818	5390
2818	5400
2818	5409
2818	5417
2818	5419
2818	5430
2818	5459
2818	5462
2818	5466
2818	5496
2818	5551
2818	5571
2818	5583
2818	5594
2818	5597
2818	5604
2818	5607
2818	5611
2818	5631
2818	5669
2818	6067
2818	6461
2818	6667
2818	6728
2818	6730
2818	6774
2818	6779
2818	6805
2818	6830
2818	6847
2818	7176
2818	7473
2818	8068
2818	8210
2818	8272
2818	8406
2818	8426
2818	8472
2818	8553
2818	8582
2818	8586
2818	8709
2818	8743
2818	8785
2818	8851
2818	8918
2818	8938
2818	9013
2818	9057
2818	9109
2818	9191
2818	9193
2818	10530
2818	12390
2818	12573
2818	12606
2818	12621
2818	12781
2818	12859
2818	12868
2818	12909
2818	12956
2818	13127
2818	13129
2818	13197
2818	13285
2818	13646
2818	15879
2529	2818
2529	3257
2529	3292
2529	3356
2529	4513
2529	5378
2529	5388
2529	5413
2529	5417
2529	5430
2529	5459
2529	5604
2529	5607
2529	6461
2529	6730
2529	8210
2529	8220
2529	8297
2529	8472
2529	8586
2529	8709
2529	8743
2529	8918
2529	9057
2529	9109
2529	12621
2529	13129
2529	13285
1	174
1	209
1	293
1	701
1	1239
1	1755
1	2110
1	2548
1	2828
1	2856
1	2914
1	3209
1	3257
1	3292
1	3303
1	3320
1	3356
1	3549
1	3561
1	3967
1	4513
1	5390
1	5430
1	5462
1	5511
1	6395
1	6453
1	6461
1	6705
1	6730
1	6847
1	7018
1	7176
1	7473
1	8220
1	8918
1	8938
1	13646
174	209
174	286
174	701
174	702
174	1239
174	1290
174	1755
174	2828
174	2914
174	3300
174	3303
174	3356
174	3549
174	3561
174	4513
174	5511
174	6395
174	6453
174	6730
174	7018
174	8220
174	8918
174	12859
209	286
209	293
209	701
209	1239
209	1755
209	2548
209	2828
209	2914
209	3257
209	3303
209	3356
209	3549
209	3561
209	3967
209	5511
209	6453
209	6461
209	7018
209	7473
209	8918
209	12956
293	701
293	786
293	1103
293	1239
293	2548
293	2603
293	2828
293	2914
293	3257
293	3320
293	3356
293	3549
293	3561
293	3967
293	4513
293	5462
293	5511
293	6395
293	6453
293	6461
293	7018
3209	3257
3209	3320
3209	4513
3209	5430
3209	5459
3209	5604
3209	5607
3209	6461
3209	6730
3209	6735
3209	8196
3209	8210
3209	8220
3209	8297
3209	8397
3209	8472
3209	8477
3209	8586
3209	8918
3209	8938
3209	9109
3209	12621
3209	13129
3209	13237
3209	13285
286	1200
286	1299
286	1755
286	2110
286	2548
286	2818
286	3257
286	3265
286	3292
286	3300
286	3333
286	3549
286	3561
286	5378
286	5388
286	5413
286	5417
286	5459
286	5466
286	5511
286	5604
286	5607
286	6461
286	6667
286	8068
286	8210
286	8220
286	8297
286	8709
286	8918
286	8938
286	9057
286	12394
286	12606
286	12956
286	13237
286	13285
1290	2818
1290	2856
1290	3257
1290	3292
1290	5388
1290	5413
1290	5459
1290	5551
1290	5604
1290	5607
1290	5611
1290	6461
1290	6730
1290	8210
1290	8297
1290	8426
1290	8472
1290	8586
1290	8743
1290	8918
1290	9057
1290	12621
1290	13129
1290	13285
786	1273
786	1299
786	2818
786	3257
786	3292
786	3303
786	4513
786	5413
786	5430
786	5459
786	5604
786	5607
786	6453
786	6461
786	6730
786	8210
786	8220
786	8586
786	8743
786	8918
786	8938
786	9057
786	12621
786	13129
786	13285
2871	3257
2871	3292
2871	3303
2871	3356
2871	4513
2871	5430
2871	5459
2871	5604
2871	5607
2871	6730
2871	7176
2871	8196
2871	8210
2871	8220
2871	8297
2871	8327
2871	8397
2871	8472
2871	8477
2871	8586
2871	8709
2871	8743
2871	8918
2871	8938
2871	9057
2871	9109
2871	12621
2871	13129
2871	13285
2686	3257
2686	3265
2686	3292
2686	3300
2686	3303
2686	3333
2686	3549
2686	4513
2686	5378
2686	5388
2686	5413
2686	5417
2686	5430
2686	5459
2686	5511
2686	5551
2686	5583
2686	5604
2686	5607
2686	6461
2686	6730
2686	7018
2686	7176
2686	8210
2686	8220
2686	8297
2686	8327
2686	8477
2686	8582
2686	8586
2686	8918
2686	8938
2686	9057
2686	12573
2686	13129
2686	13237
2686	13285
2611	3257
2611	3265
2611	3292
2611	3333
2611	4513
2611	5378
2611	5413
2611	5417
2611	5419
2611	5511
2611	5583
2611	5597
2611	6461
2611	6774
2611	8210
2611	8220
2611	8582
2611	8586
2611	8918
2611	9013
2611	9057
2611	9109
2611	9193
2611	12606
2611	12859
2611	13197
2611	15879
